100
0 0 0 0 0 0 0 0 0 0 0 0 0 0 0 0 0 0 0 0 0 0 0 0 0 0 0 0 0 0 0 0 0 0 0 0 0 0 0 0 0 0 0 0 0 0 0 0 0 0 0 0 0 0 0 0 0 0 0 0 0 0 0 0 0 0 0 0 0 0 0 0 0 0 0 0 0 0 0 0 0 0 0 0 0 0 0 0 0 0 0 0 0 0 0 0 0 0 0 0
0 0 0 0 0 0 0 0 0 0 0 0 0 0 0 0 0 0 0 0 0 0 0 0 0 0 0 0 0 0 0 0 0 0 0 0 0 0 0 0 0 0 0 0 0 0 0 0 0 0 0 0 0 0 0 0 0 0 0 0 0 0 0 0 0 0 0 0 0 0 0 0 0 0 0 0 0 0 0 0 0 0 0 0 0 0 0 0 0 0 0 0 0 0 0 0 0 0 0 0
1000
2 58
2 63
1 33
2 87
2 98
1 84
2 22
1 33
1 23
1 26
2 10
2 47
2 57
1 12
2 72
2 44
1 20
2 34
2 61
2 90
2 19
2 5
1 92
2 98
2 28
2 59
2 90
2 57
2 58
1 20
2 47
2 28
2 19
1 12
2 44
2 61
2 59
2 34
1 23
2 22
2 87
1 26
2 5
2 10
2 23
1 92
2 63
1 80
1 80
1 84
2 84
1 100
2 72
1 72
2 93
2 94
1 78
2 42
2 76
2 14
2 69
2 23
2 91
1 28
2 48
1 63
1 54
2 84
2 89
1 12
2 26
2 36
1 10
2 96
1 46
1 64
1 18
1 88
1 73
2 30
2 53
2 29
2 2
1 27
1 17
2 12
2 80
2 64
2 73
1 70
1 17
2 36
2 42
1 46
1 91
1 41
2 77
1 82
1 71
1 39
2 61
1 40
1 55
2 39
1 39
1 55
1 82
1 71
1 78
2 80
1 10
2 14
2 48
1 63
2 89
1 64
2 69
2 12
2 29
2 96
2 93
1 28
1 41
2 64
1 18
1 73
2 2
2 26
1 70
2 73
1 91
1 40
2 76
1 54
2 39
1 100
2 53
2 61
1 88
2 91
1 12
2 79
2 79
2 77
2 94
2 30
2 39
1 27
2 39
1 72
2 52
1 84
2 52
1 78
1 84
2 11
2 3
2 11
1 78
2 19
2 3
2 19
2 82
1 15
1 67
1 85
2 95
1 67
1 30
2 13
1 14
1 36
1 56
1 48
1 67
2 10
1 42
2 33
1 26
2 33
2 10
2 82
2 95
1 56
1 30
1 67
1 85
1 48
1 14
1 26
1 15
1 36
1 42
2 74
1 18
1 18
2 71
2 13
1 5
1 40
2 4
2 56
2 14
2 56
2 74
2 4
1 40
1 62
1 83
1 8
2 89
1 22
1 79
2 62
1 3
2 34
1 6
1 96
2 94
1 96
1 83
1 79
1 8
2 34
2 71
1 5
2 14
2 94
2 62
2 89
1 3
1 62
1 22
2 25
2 25
1 22
2 15
1 22
1 49
1 13
2 70
2 13
1 65
2 80
1 57
2 70
1 13
2 15
1 34
2 89
2 94
1 22
1 30
2 85
2 45
1 67
1 97
2 30
2 98
1 26
2 37
1 6
2 58
2 69
2 9
1 3
1 7
2 69
1 30
1 7
2 37
2 45
2 94
2 80
1 22
1 97
2 58
2 30
2 9
2 89
1 34
1 57
1 67
2 98
1 49
1 26
2 62
1 61
2 81
2 62
2 76
1 60
1 38
2 57
1 76
1 78
2 46
1 90
1 90
1 38
2 81
2 85
1 60
2 57
2 13
1 61
1 78
2 46
2 76
2 87
1 3
1 65
2 97
1 76
1 8
2 15
2 15
2 97
2 2
1 45
2 13
1 35
1 13
2 97
2 65
2 36
1 68
1 8
1 68
2 2
2 36
1 13
1 45
2 13
1 35
2 87
2 75
2 50
2 81
1 66
1 19
2 10
1 88
1 88
2 50
2 75
2 81
1 19
2 40
2 65
1 66
2 97
2 40
1 22
1 22
1 34
2 56
1 55
1 51
1 51
2 13
2 13
2 49
2 23
1 34
2 56
2 23
1 55
1 76
1 93
1 93
1 76
2 43
1 62
1 36
1 37
1 92
1 69
2 49
2 81
1 95
2 69
2 64
1 66
2 35
2 55
2 23
2 35
2 7
1 53
1 85
1 36
1 92
2 43
1 37
2 64
1 53
1 62
2 81
2 23
2 7
1 69
1 95
1 85
1 66
2 69
2 55
2 10
2 78
1 39
1 39
2 86
1 64
1 69
2 75
2 68
2 43
1 38
1 59
2 43
2 78
2 75
1 69
1 38
2 68
1 59
1 74
1 84
1 42
2 12
1 52
2 31
2 50
1 15
2 18
2 45
2 54
2 31
2 69
2 32
1 71
2 97
1 31
1 13
1 74
2 21
2 73
2 99
1 38
2 88
1 27
1 7
2 36
2 92
2 63
2 46
1 22
2 13
1 44
1 15
2 92
2 46
1 84
1 44
2 99
1 71
2 69
1 38
2 50
1 42
1 31
2 54
2 73
2 32
2 63
2 13
2 21
2 45
2 88
1 27
2 18
1 22
1 7
2 86
2 12
1 64
2 97
1 13
1 15
1 15
2 49
2 49
2 99
1 52
2 99
2 36
2 31
1 50
2 31
1 74
2 35
2 35
2 1
1 74
1 50
2 1
2 6
1 52
2 6
1 93
2 17
2 88
2 64
2 81
2 26
1 81
2 94
2 24
1 79
1 81
2 99
2 81
2 24
2 26
1 79
2 64
2 99
2 88
2 17
2 94
1 93
1 74
1 74
1 52
2 55
2 55
1 89
2 91
1 70
2 66
2 53
1 44
1 6
2 79
1 73
2 84
2 91
2 92
1 89
1 40
2 98
1 47
1 70
1 51
1 61
2 22
2 8
1 64
2 14
2 26
2 48
1 38
1 95
1 76
2 51
1 37
2 21
1 25
1 24
2 60
2 83
2 11
2 78
2 96
2 26
2 63
2 73
1 64
1 94
1 40
1 2
1 64
1 46
1 95
1 2
2 84
1 38
1 47
2 66
2 53
2 8
1 51
2 78
2 92
2 63
2 51
1 61
1 37
1 64
1 44
1 73
2 14
1 76
2 22
2 11
2 83
2 21
2 79
1 46
2 98
2 60
1 25
1 94
1 24
2 96
1 6
2 73
2 76
1 20
2 38
1 3
1 58
2 30
2 23
2 40
1 88
2 50
2 7
1 8
2 10
2 18
1 85
1 54
1 57
2 90
2 98
1 37
2 74
2 63
2 40
1 58
2 10
2 76
1 54
2 90
2 98
2 50
1 8
2 18
2 30
2 7
1 20
2 31
2 23
1 3
1 37
2 74
2 38
2 63
2 31
1 20
1 57
1 20
2 28
2 48
2 5
2 5
1 85
2 48
2 2
1 88
2 2
1 87
1 60
1 48
1 44
1 31
1 48
2 52
1 100
1 38
2 5
1 23
1 80
2 98
1 72
1 59
2 47
1 89
1 44
2 21
1 10
2 71
1 66
1 42
1 31
1 24
1 84
1 92
1 88
1 65
1 53
1 22
1 20
1 18
1 40
1 69
2 21
1 87
1 100
1 59
2 48
1 84
1 89
2 71
1 10
1 22
1 69
2 47
1 18
1 80
1 40
1 53
1 42
1 24
1 23
1 88
1 92
1 66
1 20
2 28
2 5
1 65
2 98
1 60
2 52
1 72
2 97
1 4
1 78
1 30
1 66
2 67
2 70
1 93
1 23
1 46
1 38
1 93
1 46
2 70
1 78
1 23
1 66
2 97
2 22
1 30
2 22
1 4
2 67
1 84
1 25
2 76
2 62
2 98
2 42
2 2
1 27
1 72
2 3
2 88
2 20
2 20
2 27
2 58
2 71
1 39
1 44
1 32
1 16
1 99
2 35
2 50
2 49
1 36
2 8
2 80
1 44
2 2
2 8
2 80
2 49
2 27
2 50
1 39
2 42
2 98
2 76
1 16
2 3
1 72
1 99
1 36
2 58
1 32
2 35
2 71
2 62
2 88
1 25
1 56
1 84
1 27
2 52
1 56
1 41
2 52
1 100
2 13
2 34
1 16
2 78
2 50
2 7
1 83
2 68
1 62
1 98
2 17
1 40
1 52
1 34
2 87
1 33
1 83
2 73
2 16
2 34
1 53
1 40
2 78
1 33
1 100
1 34
2 7
2 68
1 41
2 13
1 62
2 87
2 16
2 17
1 52
1 16
2 73
1 39
1 98
1 53
2 50
1 39
2 30
2 30
1 90
1 36
2 15
2 39
2 52
1 73
2 32
2 25
1 76
1 32
2 64
2 20
1 95
1 20
2 16
2 77
1 89
1 32
2 20
2 25
2 39
2 15
1 90
2 16
1 73
2 52
1 76
2 32
1 20
1 36
1 95
1 89
2 77
2 65
2 65
1 6
1 53
2 2
1 79
2 31
2 94
1 66
2 19
2 68
1 26
1 20
1 72
2 25
2 24
1 96
1 48
2 74
1 52
1 45
1 61
2 24
1 53
1 48
2 64
1 66
1 26
2 2
2 68
2 74
1 6
1 61
1 96
2 31
1 20
2 94
1 72
2 19
2 25
1 79
1 26
1 45
1 26
1 47
1 47
1 26
1 26
1 65
2 8
1 26
2 9
2 2
1 38
2 8
2 87
1 96
1 47
2 77
2 26
2 37
2 70
1 32
2 8
2 25
1 3
1 7
2 60
1 93
2 16
2 77
2 8
2 37
1 38
2 9
1 26
1 96
1 32
2 2
2 25
1 52
2 26
1 3
1 7
1 65
2 60
1 93
2 56
2 27
2 56
1 22
1 43
2 46
1 68
1 2
2 50
1 25
2 82
2 46
2 42
2 42
2 50
1 42
2 52
1 77
