1000
0 0 0 0 0 0 0 0 0 0 0 0 0 0 0 0 0 0 0 0 0 0 0 0 0 0 0 0 0 0 0 0 0 0 0 0 0 0 0 0 0 0 0 0 0 0 0 0 0 0 0 0 0 0 0 0 0 0 0 0 0 0 0 0 0 0 0 0 0 0 0 0 0 0 0 0 0 0 0 0 0 0 0 0 0 0 0 0 0 0 0 0 0 0 0 0 0 0 0 0 0 0 0 0 0 0 0 0 0 0 0 0 0 0 0 0 0 0 0 0 0 0 0 0 0 0 0 0 0 0 0 0 0 0 0 0 0 0 0 0 0 0 0 0 0 0 0 0 0 0 0 0 0 0 0 0 0 0 0 0 0 0 0 0 0 0 0 0 0 0 0 0 0 0 0 0 0 0 0 0 0 0 0 0 0 0 0 0 0 0 0 0 0 0 0 0 0 0 0 0 0 0 0 0 0 0 0 0 0 0 0 0 0 0 0 0 0 0 0 0 0 0 0 0 0 0 0 0 0 0 0 0 0 0 0 0 0 0 0 0 0 0 0 0 0 0 0 0 0 0 0 0 0 0 0 0 0 0 0 0 0 0 0 0 0 0 0 0 0 0 0 0 0 0 0 0 0 0 0 0 0 0 0 0 0 0 0 0 0 0 0 0 0 0 0 0 0 0 0 0 0 0 0 0 0 0 0 0 0 0 0 0 0 0 0 0 0 0 0 0 0 0 0 0 0 0 0 0 0 0 0 0 0 0 0 0 0 0 0 0 0 0 0 0 0 0 0 0 0 0 0 0 0 0 0 0 0 0 0 0 0 0 0 0 0 0 0 0 0 0 0 0 0 0 0 0 0 0 0 0 0 0 0 0 0 0 0 0 0 0 0 0 0 0 0 0 0 0 0 0 0 0 0 0 0 0 0 0 0 0 0 0 0 0 0 0 0 0 0 0 0 0 0 0 0 0 0 0 0 0 0 0 0 0 0 0 0 0 0 0 0 0 0 0 0 0 0 0 0 0 0 0 0 0 0 0 0 0 0 0 0 0 0 0 0 0 0 0 0 0 0 0 0 0 0 0 0 0 0 0 0 0 0 0 0 0 0 0 0 0 0 0 0 0 0 0 0 0 0 0 0 0 0 0 0 0 0 0 0 0 0 0 0 0 0 0 0 0 0 0 0 0 0 0 0 0 0 0 0 0 0 0 0 0 0 0 0 0 0 0 0 0 0 0 0 0 0 0 0 0 0 0 0 0 0 0 0 0 0 0 0 0 0 0 0 0 0 0 0 0 0 0 0 0 0 0 0 0 0 0 0 0 0 0 0 0 0 0 0 0 0 0 0 0 0 0 0 0 0 0 0 0 0 0 0 0 0 0 0 0 0 0 0 0 0 0 0 0 0 0 0 0 0 0 0 0 0 0 0 0 0 0 0 0 0 0 0 0 0 0 0 0 0 0 0 0 0 0 0 0 0 0 0 0 0 0 0 0 0 0 0 0 0 0 0 0 0 0 0 0 0 0 0 0 0 0 0 0 0 0 0 0 0 0 0 0 0 0 0 0 0 0 0 0 0 0 0 0 0 0 0 0 0 0 0 0 0 0 0 0 0 0 0 0 0 0 0 0 0 0 0 0 0 0 0 0 0 0 0 0 0 0 0 0 0 0 0 0 0 0 0 0 0 0 0 0 0 0 0 0 0 0 0 0 0 0 0 0 0 0 0 0 0 0 0 0 0 0 0 0 0 0 0 0 0 0 0 0 0 0 0 0 0 0 0 0 0 0 0 0 0 0 0 0 0 0 0 0 0 0 0 0 0 0 0 0 0 0 0 0 0 0 0 0 0 0 0 0 0 0 0 0 0 0 0 0 0 0 0 0 0 0 0 0 0 0 0 0 0 0 0 0 0 0 0 0 0 0 0 0 0 0 0 0 0 0 0 0 0 0 0 0 0 0 0 0 0 0 0 0 0 0 0 0 0 0 0 0 0 0 0 0 0 0 0 0 0 0 0 0 0 0 0 0 0 0 0 0 0 0 0 0 0 0 0 0 0 0 0 0 0 0 0 0 0 0 0 0 0 0 0 0 0 0 0 0 0 0 0 0 0 0 0 0 0 0 0 0 0 0 0 0 0 0 0 0 0 0 0 0 0 0 0 0 0 0 0 0 0 0 0 0 0 0 0 0 0 0 0 0 0 0 0 0 0 0 0 0 0 0 0 0 0 0 0 0 0 0 0 0 0 0 0 0 0 0 0 0 0 0
0 0 0 0 0 0 0 0 0 0 0 0 0 0 0 0 0 0 0 0 0 0 0 0 0 0 0 0 0 0 0 0 0 0 0 0 0 0 0 0 0 0 0 0 0 0 0 0 0 0 0 0 0 0 0 0 0 0 0 0 0 0 0 0 0 0 0 0 0 0 0 0 0 0 0 0 0 0 0 0 0 0 0 0 0 0 0 0 0 0 0 0 0 0 0 0 0 0 0 0 0 0 0 0 0 0 0 0 0 0 0 0 0 0 0 0 0 0 0 0 0 0 0 0 0 0 0 0 0 0 0 0 0 0 0 0 0 0 0 0 0 0 0 0 0 0 0 0 0 0 0 0 0 0 0 0 0 0 0 0 0 0 0 0 0 0 0 0 0 0 0 0 0 0 0 0 0 0 0 0 0 0 0 0 0 0 0 0 0 0 0 0 0 0 0 0 0 0 0 0 0 0 0 0 0 0 0 0 0 0 0 0 0 0 0 0 0 0 0 0 0 0 0 0 0 0 0 0 0 0 0 0 0 0 0 0 0 0 0 0 0 0 0 0 0 0 0 0 0 0 0 0 0 0 0 0 0 0 0 0 0 0 0 0 0 0 0 0 0 0 0 0 0 0 0 0 0 0 0 0 0 0 0 0 0 0 0 0 0 0 0 0 0 0 0 0 0 0 0 0 0 0 0 0 0 0 0 0 0 0 0 0 0 0 0 0 0 0 0 0 0 0 0 0 0 0 0 0 0 0 0 0 0 0 0 0 0 0 0 0 0 0 0 0 0 0 0 0 0 0 0 0 0 0 0 0 0 0 0 0 0 0 0 0 0 0 0 0 0 0 0 0 0 0 0 0 0 0 0 0 0 0 0 0 0 0 0 0 0 0 0 0 0 0 0 0 0 0 0 0 0 0 0 0 0 0 0 0 0 0 0 0 0 0 0 0 0 0 0 0 0 0 0 0 0 0 0 0 0 0 0 0 0 0 0 0 0 0 0 0 0 0 0 0 0 0 0 0 0 0 0 0 0 0 0 0 0 0 0 0 0 0 0 0 0 0 0 0 0 0 0 0 0 0 0 0 0 0 0 0 0 0 0 0 0 0 0 0 0 0 0 0 0 0 0 0 0 0 0 0 0 0 0 0 0 0 0 0 0 0 0 0 0 0 0 0 0 0 0 0 0 0 0 0 0 0 0 0 0 0 0 0 0 0 0 0 0 0 0 0 0 0 0 0 0 0 0 0 0 0 0 0 0 0 0 0 0 0 0 0 0 0 0 0 0 0 0 0 0 0 0 0 0 0 0 0 0 0 0 0 0 0 0 0 0 0 0 0 0 0 0 0 0 0 0 0 0 0 0 0 0 0 0 0 0 0 0 0 0 0 0 0 0 0 0 0 0 0 0 0 0 0 0 0 0 0 0 0 0 0 0 0 0 0 0 0 0 0 0 0 0 0 0 0 0 0 0 0 0 0 0 0 0 0 0 0 0 0 0 0 0 0 0 0 0 0 0 0 0 0 0 0 0 0 0 0 0 0 0 0 0 0 0 0 0 0 0 0 0 0 0 0 0 0 0 0 0 0 0 0 0 0 0 0 0 0 0 0 0 0 0 0 0 0 0 0 0 0 0 0 0 0 0 0 0 0 0 0 0 0 0 0 0 0 0 0 0 0 0 0 0 0 0 0 0 0 0 0 0 0 0 0 0 0 0 0 0 0 0 0 0 0 0 0 0 0 0 0 0 0 0 0 0 0 0 0 0 0 0 0 0 0 0 0 0 0 0 0 0 0 0 0 0 0 0 0 0 0 0 0 0 0 0 0 0 0 0 0 0 0 0 0 0 0 0 0 0 0 0 0 0 0 0 0 0 0 0 0 0 0 0 0 0 0 0 0 0 0 0 0 0 0 0 0 0 0 0 0 0 0 0 0 0 0 0 0 0 0 0 0 0 0 0 0 0 0 0 0 0 0 0 0 0 0 0 0 0 0 0 0 0 0 0 0 0 0 0 0 0 0 0 0 0 0 0 0 0 0 0 0 0 0 0 0 0 0 0 0 0 0 0 0 0 0 0 0 0 0 0 0 0 0 0 0 0 0 0 0 0 0 0 0 0 0 0 0 0 0 0 0 0 0 0 0 0 0 0 0 0 0 0 0 0 0 0 0 0 0 0 0 0 0 0 0 0 0 0 0 0 0 0 0 0 0 0 0 0 0 0 0 0 0 0 0 0 0 0 0 0 0 0 0 0 0 0 0 0 0 0 0
10000
2 280
1 387
1 701
1 879
2 987
2 472
1 51
2 615
1 670
2 537
2 649
1 689
1 239
1 669
1 152
2 135
1 490
1 489
2 958
1 21
2 78
1 502
1 597
2 317
1 464
1 971
2 875
1 857
2 717
2 432
1 596
1 989
2 58
2 736
1 700
1 781
1 891
1 862
1 591
2 441
1 456
2 329
2 622
2 579
1 108
2 286
1 894
1 355
1 667
2 459
1 339
1 507
2 552
2 453
1 508
2 460
2 547
2 334
2 100
2 629
2 726
1 620
1 995
2 31
2 884
1 192
1 512
2 910
2 657
1 576
1 326
2 860
1 379
2 77
2 152
2 109
2 722
1 570
1 500
2 777
2 545
1 410
2 672
1 270
2 433
1 713
2 576
1 964
1 322
2 302
2 212
2 151
2 74
1 761
2 534
2 328
2 172
1 784
2 530
1 923
1 732
2 153
2 740
1 598
2 796
2 577
2 503
1 915
1 120
1 659
1 430
2 97
2 303
1 516
2 996
1 427
1 972
1 706
2 176
1 48
1 43
1 536
2 257
1 16
1 107
2 19
2 145
2 993
2 914
2 249
2 519
2 878
2 251
2 456
1 481
1 691
2 659
1 216
1 543
1 876
1 381
2 342
2 659
2 564
2 236
2 630
2 417
1 504
2 607
2 822
1 205
2 13
2 765
2 569
2 599
1 705
2 443
1 21
2 238
1 701
1 862
1 667
1 108
2 433
1 669
1 381
1 598
2 530
1 516
2 545
1 120
1 879
2 579
1 322
1 570
2 740
1 576
2 334
1 326
2 236
2 993
2 303
1 481
2 996
1 705
1 543
1 489
2 576
2 109
2 251
2 629
1 152
2 441
1 915
1 339
2 884
2 569
2 100
1 857
1 713
2 537
2 736
2 58
2 78
1 706
2 519
2 460
1 456
2 135
2 249
2 649
2 875
1 670
1 691
1 784
1 512
2 777
1 700
2 472
2 153
2 672
1 239
2 547
1 732
1 971
2 257
2 456
2 13
2 417
2 878
2 19
2 726
2 534
1 995
1 620
2 577
1 972
2 564
1 591
1 291
1 270
2 914
1 894
2 329
1 16
1 107
2 822
2 443
2 630
2 238
2 342
2 717
2 77
2 145
2 615
1 761
2 722
2 302
2 459
2 280
2 67
2 317
1 507
2 97
1 508
2 796
2 67
1 51
1 464
2 958
2 172
2 910
2 432
2 648
1 504
1 427
1 596
2 599
1 410
2 152
2 453
2 151
1 876
1 891
2 286
1 964
2 765
1 597
2 735
1 989
2 212
1 301
2 552
1 502
2 574
2 893
2 893
2 622
1 439
1 430
2 503
1 43
1 301
1 439
2 353
1 923
1 48
1 468
1 490
1 536
2 215
2 410
1 379
2 902
2 735
2 31
1 468
1 489
2 74
2 215
2 860
1 789
1 595
1 318
1 595
2 506
2 353
2 310
2 410
1 489
2 328
2 607
2 144
1 965
1 781
2 648
2 902
1 355
1 945
1 205
1 291
2 657
1 216
1 122
1 789
1 387
2 900
1 689
2 566
2 566
2 173
2 900
1 500
2 506
2 998
2 144
1 965
2 811
2 423
2 206
1 587
2 423
1 945
1 296
1 659
1 245
2 987
1 200
2 206
1 122
2 606
2 176
2 606
2 811
1 587
1 296
1 200
2 552
2 146
2 223
1 318
2 573
2 223
2 281
1 597
2 491
1 245
1 653
1 653
2 310
1 920
1 772
1 550
1 709
1 272
2 573
2 8
2 886
1 98
1 772
2 574
1 272
2 617
2 552
2 971
1 161
2 491
1 133
1 26
2 473
2 8
2 221
1 920
2 797
2 173
2 705
2 705
1 24
2 698
1 136
1 98
1 136
2 886
1 905
1 709
2 757
1 550
1 24
2 617
2 813
1 769
1 967
2 478
2 971
1 769
2 278
2 754
2 797
1 161
2 281
1 737
1 597
1 967
1 905
2 705
2 146
2 902
2 459
2 341
1 909
2 966
1 117
2 253
2 445
2 900
1 100
2 253
2 218
2 613
2 761
2 958
1 55
2 530
2 925
1 564
2 199
2 710
1 729
2 61
1 171
1 271
2 780
1 365
1 884
1 929
2 197
1 54
2 366
1 631
1 106
1 327
2 699
2 107
2 559
1 803
2 10
1 537
2 408
1 455
2 767
1 153
2 12
1 963
1 857
2 736
1 324
1 323
2 99
2 932
1 865
1 142
2 759
1 699
2 786
2 651
2 509
2 543
2 589
2 166
2 199
1 929
2 197
2 221
2 705
1 117
2 786
1 857
1 909
2 651
2 932
2 445
1 271
1 323
2 61
2 218
1 803
1 365
2 559
2 12
2 767
2 710
1 54
2 754
1 963
2 10
2 702
2 966
1 327
2 521
2 900
2 736
1 884
2 459
1 324
1 26
2 509
2 107
2 813
1 564
2 448
2 530
1 55
2 448
2 613
1 153
1 106
2 341
2 408
1 631
1 455
2 278
2 478
2 902
2 702
1 729
2 958
1 865
2 757
1 142
1 192
2 863
2 68
2 471
2 863
1 720
2 238
2 699
1 970
1 537
2 68
1 970
1 171
2 426
2 589
2 925
2 61
2 998
2 543
1 100
1 427
2 166
2 473
2 99
2 780
2 366
1 767
1 133
1 427
1 375
1 413
2 61
2 426
1 8
2 759
2 238
2 904
1 737
2 521
1 930
1 8
1 346
1 834
2 904
2 810
1 413
2 471
2 572
2 819
1 834
2 269
2 207
2 407
2 927
2 573
1 375
2 563
1 720
2 269
2 500
1 930
1 902
2 819
1 346
1 699
2 500
1 833
1 833
1 823
2 927
2 572
1 161
1 109
2 698
2 810
1 902
1 543
1 38
2 600
2 111
2 563
1 5
2 407
1 701
1 861
1 109
1 161
1 5
1 823
2 119
2 600
2 53
1 448
2 187
1 38
2 497
2 187
1 510
2 648
2 573
2 761
2 119
1 372
2 207
1 321
1 510
1 767
1 896
2 574
1 823
1 468
2 111
1 478
1 372
2 718
2 443
2 787
2 787
2 53
1 174
1 861
2 418
1 823
2 922
1 468
2 918
1 316
2 574
1 861
2 405
1 534
2 306
1 861
2 497
1 174
2 499
1 321
2 841
2 918
1 701
1 706
2 922
1 390
2 718
2 499
1 448
1 959
1 706
1 959
1 896
1 343
1 371
1 343
2 437
2 841
1 188
2 797
1 316
1 183
2 797
2 405
2 940
2 418
1 438
1 183
2 613
2 613
2 171
2 813
2 884
1 188
2 884
2 306
2 767
2 407
2 171
1 977
2 883
1 977
2 767
1 48
2 883
1 469
1 438
2 772
1 390
2 443
2 940
2 346
2 360
1 73
2 250
1 716
1 393
2 407
1 73
2 772
1 188
2 86
1 534
1 619
1 469
1 827
1 393
2 796
1 240
1 990
1 716
2 684
2 86
2 813
2 796
2 346
1 478
2 847
1 560
2 614
2 930
1 543
1 63
1 730
1 619
1 274
1 188
2 614
1 659
1 48
2 648
2 250
1 235
1 187
1 880
2 235
1 22
2 443
2 574
2 70
2 384
1 240
2 593
2 684
1 187
2 235
1 513
1 880
2 847
1 827
1 513
1 560
1 993
2 326
1 156
2 99
1 183
2 980
2 405
1 341
2 33
1 509
1 145
2 153
2 558
1 40
2 684
2 508
1 858
1 306
2 600
1 15
2 908
2 287
2 138
1 562
2 982
2 856
2 976
1 178
2 827
1 527
2 131
1 562
2 831
2 908
2 360
2 326
2 405
1 186
1 183
1 993
1 960
2 827
1 341
1 164
2 70
2 600
2 99
2 574
2 131
1 15
1 306
2 831
1 730
1 842
2 384
1 46
1 960
2 558
1 63
1 858
2 437
1 279
1 546
2 287
2 153
1 274
2 930
2 976
1 39
1 39
2 443
1 164
1 186
1 297
1 279
1 371
1 990
2 906
1 546
1 22
1 962
1 535
2 593
1 174
1 535
1 841
1 297
2 344
2 993
2 344
2 684
1 297
1 145
1 527
2 980
2 982
1 441
1 620
1 235
2 33
1 46
1 297
1 40
2 906
1 441
1 659
2 210
2 307
2 557
2 382
1 430
2 741
1 430
2 382
2 508
2 856
2 307
2 993
1 509
2 808
2 506
2 376
1 324
1 178
2 219
2 506
2 426
2 219
2 500
1 174
2 138
1 156
2 741
1 620
1 352
2 557
2 210
2 199
2 199
1 500
2 530
2 143
2 155
1 567
2 500
1 327
2 266
1 352
2 530
1 841
2 429
2 429
2 650
2 348
2 266
1 623
2 682
2 155
1 500
1 324
1 491
1 567
1 719
2 348
2 682
1 491
1 962
1 547
2 509
2 797
2 797
1 617
2 143
1 457
2 160
1 617
2 195
1 327
1 719
2 673
2 808
2 523
2 469
2 34
2 160
1 623
2 523
2 195
1 896
1 547
2 426
2 509
2 582
2 127
2 221
1 119
1 119
2 74
2 469
2 358
2 34
2 650
2 852
2 690
1 969
1 585
1 740
1 969
1 428
1 28
2 947
1 592
1 972
2 588
2 318
2 107
1 127
1 576
2 531
2 253
1 867
1 138
1 656
1 520
2 240
2 74
2 321
2 852
2 222
1 585
2 127
1 28
2 582
2 622
2 318
1 867
2 144
2 595
2 546
2 763
1 650
1 87
1 385
1 573
1 505
2 964
2 120
1 440
1 316
2 894
2 48
2 235
1 807
1 181
2 169
2 192
2 284
1 654
2 325
2 752
2 129
2 846
1 968
2 521
1 146
1 945
2 720
1 508
2 809
2 893
1 506
2 767
1 476
2 204
1 771
2 801
1 715
2 645
2 343
1 487
2 892
2 603
1 685
1 400
1 326
1 544
2 263
1 325
2 429
2 883
2 139
1 127
1 807
2 221
1 592
2 358
1 440
1 181
2 129
1 138
2 673
2 343
2 720
2 763
1 325
2 476
2 284
2 139
1 740
2 883
1 656
2 222
1 808
1 945
2 169
1 972
1 968
2 809
2 562
2 144
1 715
2 321
1 385
2 325
1 771
1 506
2 622
2 192
2 603
1 573
1 146
2 690
1 505
2 947
1 685
2 645
1 654
1 176
1 896
2 429
2 204
2 531
2 892
1 508
2 376
2 120
1 106
2 235
1 520
1 476
1 306
2 521
2 893
1 650
2 767
2 588
2 894
1 176
1 457
2 546
2 964
1 306
1 149
2 783
1 400
1 29
2 846
1 87
1 576
1 604
2 562
2 595
1 213
2 263
1 842
1 808
2 801
1 976
2 747
1 213
1 675
1 295
2 747
2 198
2 138
1 976
1 158
2 253
2 892
1 326
2 198
2 151
1 428
2 240
1 316
2 272
1 545
1 98
1 106
1 587
2 495
2 48
1 675
2 892
1 487
1 149
1 459
2 678
2 70
2 948
2 476
2 805
2 495
1 659
1 544
2 805
1 602
2 951
2 311
1 459
1 659
1 715
2 539
2 584
2 138
2 151
1 587
1 545
1 94
1 715
2 70
1 98
1 602
1 604
1 295
1 29
2 674
1 640
2 678
2 367
1 547
2 272
1 778
2 674
2 951
1 672
2 107
1 462
1 778
1 158
1 672
1 780
1 954
1 195
1 714
2 634
1 462
2 88
2 584
1 954
1 547
2 407
2 298
2 783
1 780
1 386
1 161
2 948
2 752
1 386
1 161
1 957
1 195
1 827
1 599
2 367
2 661
1 957
1 599
2 407
2 716
2 436
2 634
2 716
2 278
1 94
1 538
1 402
2 539
1 850
1 963
1 402
1 714
1 850
2 241
2 398
2 88
1 963
1 824
2 398
2 234
2 278
1 824
2 234
1 601
1 640
1 965
2 141
1 601
2 139
1 918
1 394
1 319
2 631
2 229
2 520
1 756
2 39
1 738
1 795
2 37
1 189
1 954
1 85
1 2
1 524
2 402
2 27
2 471
1 173
1 329
2 235
2 599
1 213
1 207
2 511
1 21
1 871
1 673
1 801
1 497
1 587
1 665
2 98
2 803
2 961
2 780
1 990
1 893
1 190
2 40
1 126
2 417
2 846
1 631
2 898
2 827
1 521
2 995
1 741
1 215
1 628
2 693
2 478
2 425
1 676
1 187
1 564
1 143
2 728
2 315
2 978
1 917
2 83
2 749
2 222
2 983
2 74
2 912
2 399
2 258
2 792
1 467
2 140
2 817
2 557
1 838
2 98
1 316
1 564
1 382
2 99
1 796
2 603
1 206
1 180
2 836
1 458
1 44
2 471
1 207
2 40
1 190
2 27
1 631
2 792
1 965
1 319
2 399
2 631
1 628
2 83
2 402
1 871
2 827
1 206
1 21
1 838
1 893
1 85
2 478
2 258
1 827
1 673
1 213
1 738
1 497
2 511
2 315
1 215
2 425
1 44
2 836
2 139
2 436
2 595
1 741
1 538
1 918
1 173
1 143
1 382
2 417
2 599
2 803
2 222
1 756
1 394
2 39
2 241
1 795
2 661
1 187
1 796
1 990
1 917
1 867
2 520
2 817
1 126
2 557
2 749
1 316
2 235
1 524
2 983
2 229
1 189
2 298
2 311
2 344
2 217
1 941
2 622
1 587
2 140
2 74
2 229
1 896
2 660
1 467
2 693
2 660
1 676
2 485
2 344
1 801
1 867
2 595
2 217
2 603
2 898
1 521
2 995
1 17
1 329
2 123
1 180
2 622
1 537
1 17
1 954
2 99
1 941
2 666
2 229
2 666
1 839
2 485
2 654
1 896
1 839
2 368
2 123
2 780
2 37
2 199
1 460
2 846
2 765
2 887
1 603
2 241
2 25
2 82
1 157
2 251
1 628
1 584
2 271
1 297
2 128
1 542
2 504
1 91
1 922
1 195
1 767
2 781
1 223
1 411
1 987
2 209
2 904
1 743
2 926
1 871
1 700
1 369
2 873
1 322
2 708
2 182
2 491
2 414
2 527
2 178
2 746
2 703
1 273
1 140
1 487
1 334
2 139
1 621
1 197
1 922
2 836
2 648
1 86
1 660
1 389
2 309
2 64
2 215
2 456
1 158
2 64
2 504
2 912
2 414
2 648
2 128
2 199
1 273
2 139
1 584
1 487
1 458
1 157
1 537
2 25
2 765
2 926
1 460
1 2
2 241
1 767
2 527
2 703
1 743
1 86
2 978
2 182
2 141
1 197
1 700
2 708
2 654
1 628
1 195
1 665
2 491
2 873
1 597
2 215
2 728
2 309
2 781
1 435
1 140
1 223
1 297
1 411
2 746
1 72
2 251
1 987
1 756
1 334
1 277
1 686
2 175
1 639
1 639
2 306
2 836
1 158
1 356
2 178
2 572
1 621
2 209
1 304
2 456
1 389
1 356
1 660
1 597
1 278
1 941
1 322
2 67
1 304
2 277
1 796
2 490
1 328
1 603
1 277
1 34
1 941
1 91
1 278
2 175
2 158
2 299
1 871
2 572
2 368
1 369
1 756
1 72
1 615
1 328
2 277
2 306
1 195
2 111
2 82
2 425
2 425
2 81
2 32
2 961
1 542
1 34
2 999
1 374
2 158
2 67
1 374
1 705
1 99
1 705
2 289
2 289
2 32
2 271
2 887
1 686
2 13
1 700
2 115
2 879
2 13
1 449
2 111
1 435
1 914
2 81
2 879
1 395
1 395
1 99
2 782
1 449
2 782
1 615
1 698
1 195
2 418
1 915
1 606
1 796
2 999
2 143
1 698
2 143
2 770
2 487
1 242
2 299
1 150
1 665
2 115
1 915
2 870
1 223
2 870
1 242
1 914
1 331
2 166
2 862
2 904
1 223
1 540
1 700
1 331
2 166
1 432
2 743
2 743
2 194
2 20
1 150
1 432
2 20
1 904
2 735
2 245
1 831
2 681
1 663
2 615
2 796
2 90
1 376
2 825
1 174
1 957
1 947
2 959
1 970
2 852
2 920
1 320
2 693
1 998
2 283
1 61
1 126
1 868
1 306
1 566
1 518
2 522
2 428
1 185
1 907
1 897
1 994
1 341
2 684
2 200
2 481
2 994
2 939
2 25
2 647
2 185
1 834
2 96
2 537
1 411
1 399
1 984
1 791
1 997
1 29
1 976
1 179
1 734
1 763
1 402
2 766
1 637
2 797
2 406
2 548
1 820
2 35
1 237
2 68
2 206
2 458
1 383
1 216
1 347
2 416
1 104
1 609
2 487
1 347
2 418
1 970
2 428
2 200
1 518
1 904
2 684
2 735
1 637
1 185
1 320
1 411
1 566
2 35
1 997
1 383
2 245
1 998
1 831
2 920
1 216
1 820
1 609
2 537
1 376
2 25
1 174
1 402
2 206
1 734
1 791
1 341
2 797
2 481
1 540
2 416
2 96
2 852
1 897
1 994
2 283
1 907
1 104
2 90
1 399
2 796
1 834
2 185
2 548
1 29
2 766
2 194
2 458
1 868
2 770
2 490
2 501
2 74
1 179
1 126
2 953
1 763
2 522
1 886
2 542
2 501
1 984
2 647
2 681
2 953
2 707
1 886
2 74
1 61
2 693
1 237
2 140
2 721
2 140
2 406
2 542
1 720
2 615
1 957
2 704
2 704
1 230
2 721
1 606
2 471
2 994
2 707
1 720
2 935
1 356
2 872
1 927
2 843
1 277
2 481
2 178
1 203
1 430
1 23
1 410
1 930
1 471
1 869
2 517
1 201
1 191
2 991
2 745
2 79
1 284
2 526
2 490
2 78
2 498
1 817
1 203
1 933
1 191
2 498
2 843
2 675
1 471
2 862
2 471
1 356
2 490
1 9
2 676
1 944
2 318
1 589
2 320
1 649
2 215
1 174
2 569
1 918
2 404
1 351
1 672
1 178
1 255
1 101
1 478
1 784
1 806
2 223
2 227
2 279
2 267
2 944
2 996
2 243
1 649
1 178
2 243
2 643
2 223
1 976
2 78
1 927
1 410
1 174
2 267
1 306
2 872
2 959
1 277
2 122
2 318
2 517
1 869
1 478
1 637
2 745
2 481
2 526
1 230
1 665
1 284
1 23
1 891
1 663
2 320
2 944
2 991
2 569
2 79
2 950
2 265
2 675
1 817
2 68
2 726
2 178
1 784
2 676
2 215
1 637
1 930
2 122
2 996
2 726
1 634
2 948
1 9
1 201
1 918
2 130
1 101
2 643
1 589
1 947
2 404
2 265
1 423
2 950
2 948
1 764
2 825
1 380
1 776
2 891
2 482
2 482
1 183
1 634
1 630
1 630
2 596
1 183
2 227
1 152
2 177
1 193
2 732
2 20
1 152
1 380
1 225
1 255
1 891
1 806
1 225
1 423
1 549
1 933
2 159
2 874
2 833
2 177
2 596
1 814
2 235
2 16
2 874
2 16
1 944
1 785
1 814
2 891
1 764
2 20
2 943
1 549
1 193
1 776
2 943
2 899
1 286
2 221
1 100
1 48
1 831
1 355
2 403
2 263
1 749
1 661
2 435
1 425
2 93
1 427
1 532
1 487
2 384
2 204
1 235
2 397
1 842
2 774
2 307
1 434
2 568
1 786
1 279
2 622
2 869
1 245
2 296
1 43
2 584
1 532
2 870
2 5
2 130
1 972
2 907
1 48
2 296
1 279
2 384
1 43
2 584
2 907
1 235
1 786
2 403
2 307
1 100
1 245
1 110
2 939
2 263
1 355
1 972
2 559
2 568
1 110
2 93
2 833
1 427
1 785
2 732
2 378
2 185
1 842
2 774
2 818
2 397
1 672
2 747
1 447
2 622
2 221
1 351
1 236
2 159
2 664
2 899
1 677
2 279
1 677
1 661
2 869
1 487
2 235
2 210
1 749
2 185
2 5
1 236
2 814
1 824
2 322
2 747
2 177
2 873
1 434
1 557
2 664
2 378
1 448
1 831
1 833
1 557
1 447
2 204
1 824
2 210
2 489
2 559
1 500
1 425
1 412
1 3
1 448
1 682
1 3
2 407
2 559
1 682
2 322
1 430
2 158
2 818
1 412
2 488
2 935
2 210
2 90
2 873
2 488
2 90
2 210
2 870
2 489
1 833
1 286
1 787
2 468
2 980
1 237
1 317
2 115
1 346
2 468
1 167
1 167
2 584
1 500
2 602
2 479
1 317
2 559
1 498
1 312
1 665
2 177
2 479
2 788
2 860
2 115
1 863
2 814
1 712
1 888
2 407
2 980
1 863
2 602
1 665
1 577
2 158
2 435
2 952
1 447
1 888
2 325
1 312
1 577
2 325
2 949
1 705
2 109
1 498
1 10
1 390
1 712
2 109
1 786
1 922
2 598
2 11
1 556
2 952
1 447
1 10
2 604
1 556
2 788
2 132
1 237
1 786
1 860
2 604
2 584
2 401
1 390
2 860
2 132
2 364
1 705
1 346
1 67
2 949
1 643
2 38
1 920
1 920
1 643
2 401
1 922
2 558
2 558
2 92
1 913
2 11
2 723
2 38
2 664
1 508
1 628
1 787
2 250
1 67
2 664
1 570
1 631
2 92
1 775
1 776
1 775
1 140
2 986
1 65
1 559
2 723
2 948
1 856
1 860
2 120
1 586
2 380
2 202
2 636
1 132
1 230
2 941
1 675
2 832
2 319
1 66
1 908
2 731
2 969
2 33
1 105
1 23
1 572
1 985
1 314
2 147
1 451
2 709
2 838
1 356
1 267
2 510
1 381
1 379
1 166
1 781
1 268
1 934
2 104
1 266
2 636
1 240
1 230
1 908
2 731
1 934
2 510
2 941
1 379
1 65
2 380
1 451
1 266
2 986
1 240
1 559
1 166
1 931
2 147
1 985
1 314
1 66
2 364
1 105
2 596
1 740
1 15
1 781
2 677
2 598
2 948
1 570
1 628
1 381
1 586
2 838
1 776
1 508
1 23
1 132
1 856
2 476
2 202
1 572
1 356
1 670
1 780
1 912
1 931
2 81
1 912
2 453
1 314
1 487
2 840
1 448
2 526
2 402
2 229
2 431
1 188
1 335
2 363
1 643
1 924
2 636
2 913
1 578
1 285
2 509
1 257
2 493
2 253
2 317
2 434
1 187
2 754
1 754
2 522
2 638
2 940
1 982
1 33
1 428
2 829
1 70
1 397
1 134
1 982
2 832
1 15
2 363
1 335
2 253
2 402
2 840
1 187
2 526
1 188
2 120
2 709
2 533
2 677
2 431
2 829
1 257
2 229
1 268
2 533
2 250
2 434
2 754
1 740
1 448
2 636
2 725
2 913
1 670
2 600
1 397
1 719
2 476
2 319
2 940
1 90
2 33
2 104
1 314
1 324
1 643
1 417
2 596
1 887
1 33
1 428
1 90
1 134
2 522
2 638
2 81
1 631
1 578
2 756
1 487
2 969
2 702
2 713
1 719
2 725
1 921
1 70
1 63
2 702
1 754
1 675
1 683
1 921
2 84
1 683
2 297
2 756
1 801
2 297
2 815
1 327
2 157
2 891
2 293
2 53
2 958
2 216
2 421
2 905
2 524
1 101
2 348
2 515
1 832
1 176
1 895
1 823
2 410
1 508
2 198
2 470
1 450
2 210
2 887
1 40
1 839
2 5
1 783
1 136
2 427
2 310
2 253
2 808
2 188
1 15
2 133
1 776
2 884
2 600
2 216
1 15
1 417
2 133
2 157
2 348
1 823
2 470
1 952
1 895
1 450
1 40
2 84
2 524
1 783
2 234
1 818
2 958
1 108
2 253
2 509
1 176
2 815
2 210
2 891
1 140
2 234
1 832
1 63
1 887
1 839
1 952
1 645
1 267
2 493
2 873
1 581
1 136
1 327
2 421
2 342
2 310
2 188
1 610
1 108
1 610
2 515
2 484
2 564
2 873
2 5
2 453
1 645
1 285
2 198
2 905
1 913
1 508
1 545
1 580
1 452
1 12
1 611
1 312
1 940
2 757
2 178
2 305
2 827
1 768
2 886
2 479
1 682
1 650
1 419
2 569
1 279
2 768
2 132
2 222
1 419
2 787
2 628
1 339
1 635
2 112
2 628
1 185
1 806
2 630
2 89
1 962
2 13
2 842
1 689
1 452
1 12
2 484
2 564
1 580
2 569
1 545
1 818
1 962
2 317
1 806
1 689
2 293
2 13
2 768
1 312
2 827
2 923
1 611
2 757
1 780
2 342
2 935
2 842
2 808
1 940
1 682
1 241
2 641
2 704
2 641
2 630
2 410
1 650
2 222
2 132
1 906
1 635
1 581
1 924
2 884
1 521
1 339
1 332
1 101
1 279
2 290
1 668
1 415
2 713
2 178
1 185
2 427
1 428
2 923
1 482
2 399
2 112
2 787
1 428
2 89
1 324
2 479
1 459
2 428
1 432
1 801
1 459
2 53
1 332
1 241
1 668
2 715
1 827
2 166
1 307
1 322
2 903
1 473
2 536
1 210
2 236
1 916
2 307
1 327
2 994
1 778
2 311
1 908
1 396
2 236
2 605
1 63
2 919
1 411
1 307
1 415
1 14
2 329
2 933
2 587
1 639
1 377
1 340
2 637
1 327
1 230
2 388
2 64
1 883
2 799
2 280
2 70
1 908
1 141
1 709
1 564
2 536
1 326
1 241
2 305
2 919
1 883
1 141
1 482
2 715
1 377
1 916
2 276
1 411
1 473
1 778
2 311
1 230
1 639
2 887
2 704
2 70
1 709
1 241
1 220
1 14
1 322
1 564
1 233
2 994
2 428
1 63
2 637
1 340
1 220
2 290
1 906
2 293
1 922
1 210
2 293
2 903
2 935
2 799
2 388
1 521
2 605
2 166
2 704
1 399
2 77
1 862
1 776
1 432
2 251
1 827
1 233
2 587
1 90
1 78
2 118
1 326
1 922
2 64
1 958
2 704
2 329
2 224
2 886
1 90
2 615
2 599
1 596
2 251
2 132
2 77
2 307
1 862
2 276
2 171
1 768
2 888
2 615
2 126
2 529
2 118
1 543
1 543
1 78
2 575
2 492
1 981
1 89
2 171
2 575
2 888
2 187
1 871
2 161
2 933
2 529
1 399
1 745
2 771
2 132
1 111
1 893
2 49
1 111
1 596
2 280
1 396
1 871
1 464
1 62
2 443
1 981
2 492
1 907
2 625
1 745
1 464
1 698
1 89
1 458
2 161
2 49
1 321
2 414
1 321
1 907
1 958
1 990
2 599
2 614
1 663
2 298
1 87
2 298
2 187
1 893
2 614
2 299
2 642
1 698
2 753
1 634
2 414
2 846
2 126
1 260
2 140
2 642
2 30
1 584
2 30
1 57
1 365
2 625
2 299
2 539
2 771
1 719
2 964
2 906
2 714
2 709
1 275
1 493
2 63
1 501
2 569
2 511
1 775
1 80
1 505
1 775
1 87
1 57
1 967
1 918
2 709
2 552
2 846
1 80
2 399
2 89
1 365
2 511
1 458
1 719
2 753
1 663
2 398
1 757
2 443
1 275
1 895
1 895
2 964
1 34
1 584
2 398
1 634
2 342
2 398
2 569
1 990
2 224
2 714
1 501
2 552
2 573
1 967
2 140
2 573
1 505
1 260
1 62
2 624
2 89
1 918
2 3
2 263
2 342
1 374
2 624
1 199
2 539
2 625
2 63
1 493
1 171
2 625
2 102
1 34
2 877
2 398
2 877
2 645
1 199
2 598
1 384
2 906
1 854
1 653
1 384
2 933
1 986
2 881
1 986
2 881
2 402
2 3
1 304
2 573
1 955
1 171
2 263
1 374
1 106
1 51
1 537
2 627
1 132
2 987
1 192
2 144
2 692
2 579
1 17
1 249
1 154
1 487
1 381
1 392
2 432
1 641
1 126
2 590
2 8
2 949
1 262
1 386
1 632
1 7
2 985
2 51
2 221
2 489
2 460
1 441
2 823
1 813
1 767
1 995
1 405
1 936
2 375
2 174
1 416
1 710
1 575
1 590
2 525
2 454
2 597
1 959
1 757
1 412
2 375
1 416
1 653
1 641
2 51
1 639
2 759
2 985
2 489
2 144
1 995
1 304
1 955
1 936
2 933
1 164
2 221
1 164
1 126
1 632
1 575
2 987
2 640
1 639
2 759
1 7
2 598
2 949
1 17
2 590
2 454
1 590
1 132
1 405
2 627
2 74
1 381
1 386
2 126
1 411
1 339
1 412
1 429
2 525
1 411
1 262
2 249
2 817
2 174
1 710
2 645
1 767
1 154
1 487
1 537
1 249
1 64
2 102
2 436
2 597
2 830
2 8
1 51
1 365
1 64
2 579
1 774
1 429
2 692
2 823
2 460
2 967
1 865
2 126
2 404
2 187
1 392
2 613
1 38
1 929
1 380
1 861
1 514
2 361
2 450
2 259
1 692
1 10
2 931
1 977
1 213
2 215
2 731
2 877
2 232
2 957
2 42
2 533
2 753
2 679
1 442
2 67
2 146
2 560
1 502
2 208
2 189
1 991
2 913
1 995
2 418
2 893
1 54
2 968
2 790
2 660
2 202
2 90
2 788
1 971
2 447
1 887
2 206
2 11
1 500
2 58
1 379
2 147
2 305
2 604
2 598
1 280
1 916
1 775
1 664
1 103
1 152
1 196
2 9
1 194
1 508
1 233
2 918
1 163
2 804
1 176
2 909
2 718
2 542
2 22
2 984
1 553
2 451
2 628
1 639
1 471
2 535
1 152
1 72
2 878
1 970
2 613
2 674
2 512
1 566
2 99
1 831
1 24
2 637
1 996
1 106
2 560
2 931
1 213
2 436
2 11
1 995
2 432
1 664
2 447
2 451
2 817
1 854
1 553
2 202
1 514
2 535
2 718
2 674
2 512
1 996
1 196
2 361
1 508
2 893
1 194
1 339
1 38
2 533
1 861
1 441
2 402
1 813
2 206
1 774
2 22
2 90
1 280
1 24
1 929
2 957
2 187
1 72
2 67
2 58
1 916
2 788
1 502
2 99
1 192
1 775
2 215
1 365
2 913
2 918
2 968
2 967
2 878
1 831
2 731
2 637
2 253
2 660
1 865
2 804
2 598
1 566
2 542
2 305
2 830
1 692
1 959
1 380
1 991
2 877
2 425
2 984
2 74
1 969
2 628
2 404
2 232
1 442
1 970
1 379
2 147
2 9
2 91
2 146
2 790
2 679
1 977
1 969
1 590
2 52
1 471
2 450
2 530
2 259
2 604
1 590
2 640
2 208
2 101
1 639
1 176
2 249
2 349
2 52
2 416
2 189
1 103
1 887
1 554
2 416
1 500
1 54
2 737
2 909
2 431
2 941
2 737
1 558
2 530
2 10
2 832
2 832
1 163
1 639
2 431
2 890
1 214
2 347
2 958
1 543
1 971
2 753
2 418
1 214
1 554
1 300
1 41
1 558
1 654
1 869
1 869
2 844
1 10
2 42
2 904
1 701
2 941
1 639
2 253
1 300
1 318
2 347
2 573
2 10
2 91
1 325
2 177
2 904
1 325
1 232
1 60
1 701
1 233
2 349
1 276
2 322
2 958
2 246
1 543
1 294
1 60
1 318
1 41
2 177
2 998
1 654
1 643
1 617
1 375
1 617
2 479
2 172
2 101
2 322
1 375
1 643
1 161
1 362
2 890
2 290
1 730
2 491
2 290
2 998
2 479
2 653
2 156
1 737
2 653
2 408
1 737
2 844
2 425
1 2
1 2
2 246
2 4
2 821
2 408
2 534
2 330
2 959
2 301
1 629
1 487
1 312
2 301
1 487
2 172
1 362
2 959
2 156
2 536
2 280
1 161
2 536
1 851
2 342
2 280
2 342
2 875
1 629
2 821
2 330
1 294
2 636
2 636
1 948
2 925
1 948
2 611
1 851
2 875
1 958
1 192
2 4
2 716
1 506
1 502
1 422
1 412
2 526
2 446
2 101
2 888
1 742
1 62
1 606
1 913
2 638
1 397
1 579
2 858
1 141
2 606
2 441
2 439
2 355
1 252
1 862
1 405
2 75
1 735
2 915
2 659
1 990
2 603
1 554
1 84
2 2
2 731
2 792
2 674
2 888
2 441
1 302
2 446
2 860
1 990
2 491
2 915
1 554
2 925
1 549
1 397
1 422
1 141
1 84
1 606
1 412
1 549
1 913
1 579
2 138
1 312
1 506
2 716
1 192
2 674
1 742
2 355
2 439
1 302
1 502
2 606
1 276
2 101
1 730
1 479
1 735
1 62
2 792
2 638
2 603
2 526
2 75
1 479
1 534
1 958
1 232
1 617
1 862
1 252
1 832
1 405
1 794
1 152
2 611
2 236
2 825
1 982
2 102
1 812
1 158
1 534
2 236
2 266
2 2
1 832
2 743
1 812
1 152
2 102
1 617
1 166
2 534
1 835
1 982
2 462
1 32
1 166
2 659
1 158
1 326
1 676
1 206
2 193
1 835
1 32
2 976
1 71
1 326
2 923
2 110
2 193
2 110
2 25
1 732
1 339
1 71
2 731
1 543
2 25
1 465
2 462
1 281
1 583
2 437
2 266
1 339
2 923
1 794
2 845
1 793
1 598
2 349
2 860
2 701
2 538
2 177
2 474
1 51
2 133
2 46
1 584
2 58
1 206
1 391
2 671
2 574
1 310
1 361
1 800
1 580
1 216
1 135
1 426
1 968
2 283
1 423
1 906
1 977
1 445
2 475
2 556
1 879
2 296
1 480
1 812
2 122
1 653
1 347
1 411
2 624
1 546
2 841
1 617
2 720
1 190
2 241
1 76
1 631
2 255
1 97
1 291
1 449
1 640
1 257
1 999
2 272
1 484
1 546
2 122
2 283
1 190
2 825
2 241
2 349
1 216
1 732
1 812
2 743
2 138
1 800
2 841
2 946
2 556
2 701
2 995
1 391
1 423
2 845
1 598
1 999
1 580
2 177
1 480
2 296
1 793
2 995
1 484
2 134
2 475
2 288
2 255
2 624
1 583
1 76
1 676
1 97
2 858
1 411
1 968
2 574
1 764
1 371
1 977
2 946
2 46
2 134
2 538
1 445
2 671
2 474
1 584
2 58
1 426
1 617
1 135
1 906
1 26
2 924
1 364
2 214
1 764
1 310
1 176
2 214
1 26
1 364
1 347
2 372
2 477
1 653
1 51
2 372
2 187
2 720
2 187
2 924
1 257
1 640
1 465
1 859
1 361
1 176
1 971
1 89
1 449
1 654
2 166
1 543
1 516
1 859
1 148
1 135
1 281
2 437
2 811
2 394
2 272
1 291
1 371
1 135
2 203
1 89
1 404
2 764
1 549
2 821
1 941
2 37
2 20
1 970
1 180
1 841
2 214
2 18
1 11
1 609
1 544
1 809
2 570
2 590
2 477
2 711
1 54
1 52
2 15
1 806
2 473
1 727
2 71
2 826
2 167
1 834
1 57
2 625
1 257
1 833
1 147
2 305
1 398
1 251
1 788
1 474
1 478
2 555
1 289
2 523
2 155
2 628
2 933
2 665
1 456
1 441
1 250
1 644
2 276
2 49
1 326
2 260
2 194
1 975
1 517
2 819
1 393
1 606
2 442
1 555
2 623
1 445
1 237
1 199
1 571
1 489
2 613
1 911
1 598
2 496
1 534
1 968
2 804
1 683
1 752
2 155
1 57
2 623
1 52
1 941
1 251
1 555
1 516
1 404
2 49
1 911
1 654
2 711
2 37
2 442
2 194
2 764
1 971
2 590
1 489
2 260
2 473
1 606
1 841
2 288
2 394
1 631
1 441
1 257
1 727
1 199
2 305
1 517
1 393
1 54
1 598
2 15
2 523
2 570
1 147
1 456
2 125
1 644
2 203
2 20
1 970
1 975
2 133
1 809
2 18
1 571
2 623
2 276
2 613
2 214
1 806
2 804
1 534
1 148
1 478
2 167
1 788
1 180
1 544
2 826
2 821
1 237
1 834
2 811
1 474
1 932
2 623
1 11
1 752
2 555
1 609
2 166
1 932
1 289
1 513
2 496
1 398
2 933
1 445
1 888
1 683
1 968
1 616
1 900
1 917
1 250
1 833
2 819
1 513
1 616
1 549
2 205
1 564
1 624
2 976
1 888
1 788
2 628
1 564
2 347
1 572
1 572
2 347
1 274
2 236
1 67
1 788
2 128
1 900
1 274
2 125
2 844
2 794
2 897
2 897
2 236
2 844
1 132
1 227
1 227
1 768
2 898
2 794
2 625
1 917
1 73
2 128
1 768
2 436
1 67
1 342
2 898
1 73
1 879
1 132
1 254
1 722
1 342
1 254
2 71
1 729
1 268
2 665
1 298
1 186
1 326
1 729
2 436
1 308
1 369
1 762
1 851
2 187
1 308
1 892
2 548
1 892
1 777
1 762
1 851
1 228
2 539
1 492
2 549
1 228
2 934
1 3
2 539
1 777
2 364
2 549
1 3
2 946
2 433
2 639
1 474
1 369
1 967
2 365
2 615
1 184
1 186
2 698
2 615
2 233
2 494
2 162
2 162
1 474
2 946
2 433
2 934
1 298
1 360
1 224
1 622
2 365
1 867
1 360
1 967
2 494
1 185
1 867
1 392
1 224
1 268
1 741
1 46
2 639
1 202
1 622
1 722
2 682
2 627
2 863
2 233
1 184
1 46
1 987
2 550
2 647
1 430
1 894
1 761
1 318
2 6
2 101
1 997
1 753
1 29
1 875
1 401
1 332
1 291
2 624
2 411
2 861
1 660
2 546
2 750
2 157
2 121
2 974
1 319
1 270
1 952
1 263
1 725
2 748
1 676
2 698
1 660
1 185
2 885
2 205
2 863
2 974
1 291
2 647
2 411
1 952
2 157
1 997
1 492
2 187
1 961
2 627
2 748
1 202
2 6
1 108
1 401
2 546
2 101
1 388
2 861
1 29
2 364
1 430
2 750
2 548
2 274
1 624
2 885
1 263
1 753
1 894
2 789
2 682
1 761
1 676
1 318
1 741
2 554
1 788
1 332
2 550
1 867
1 13
1 108
2 554
1 640
1 987
1 956
1 65
2 72
1 640
1 388
1 270
1 867
1 206
1 875
1 360
1 319
2 559
2 274
2 941
1 775
2 72
1 725
2 253
2 107
2 624
2 210
1 522
1 522
2 790
2 738
2 738
1 953
2 127
2 790
1 515
1 788
1 383
1 603
2 941
1 65
1 953
2 210
2 600
1 392
2 399
1 775
1 961
1 834
2 399
1 603
2 303
1 515
1 439
2 303
1 956
1 893
2 268
1 893
2 858
1 194
1 383
1 360
1 694
2 253
2 107
2 600
2 559
2 297
1 194
2 858
2 630
2 630
1 439
1 635
2 586
1 118
1 927
2 127
1 201
2 268
1 917
1 13
2 932
2 760
2 831
2 121
1 362
1 513
1 694
1 635
1 206
2 760
1 33
1 323
2 932
2 831
2 250
1 469
1 821
2 954
1 411
2 810
1 55
1 942
1 188
2 90
2 42
1 930
2 547
2 618
2 343
2 425
1 321
2 481
2 727
1 743
1 359
1 447
2 32
1 526
2 240
1 602
2 852
1 233
2 754
1 449
2 420
1 427
2 598
1 773
1 636
1 416
1 174
1 676
2 4
2 160
2 444
1 43
2 676
1 849
1 317
1 849
2 852
1 469
1 55
2 676
2 810
1 917
2 297
1 321
1 118
1 676
2 240
2 4
1 43
2 586
2 368
1 33
2 477
1 323
1 317
2 481
1 526
1 174
2 618
1 76
1 927
1 930
2 160
2 954
1 773
2 425
2 420
2 250
2 658
1 65
1 9
1 741
2 620
1 110
1 743
1 277
1 768
1 564
2 752
2 614
1 627
1 339
2 378
1 994
1 988
2 835
2 846
2 869
1 808
2 665
1 397
1 626
2 800
2 198
2 554
2 238
1 267
2 897
2 533
2 326
2 694
2 781
1 362
1 821
1 834
2 238
1 960
2 571
1 307
1 103
2 467
1 483
2 953
1 804
1 128
1 534
2 943
2 734
2 920
1 448
2 677
2 814
1 657
2 556
2 723
2 723
1 447
1 602
2 598
2 752
1 988
2 677
2 814
1 9
1 960
1 449
1 65
1 233
2 326
1 804
1 103
2 800
2 368
1 397
1 448
2 658
2 754
1 359
1 564
1 657
1 427
2 533
1 128
2 614
1 534
2 467
2 547
2 846
1 339
1 626
2 477
2 694
1 483
1 188
1 76
2 869
2 90
2 734
1 636
2 665
1 110
1 741
2 198
1 513
2 20
2 953
2 505
2 897
1 267
1 277
2 556
2 343
2 727
2 571
2 462
1 994
1 627
2 554
2 505
1 518
2 20
1 942
1 891
1 416
1 891
2 781
1 808
2 789
1 610
1 121
2 620
1 307
1 518
1 768
2 622
1 955
1 201
2 462
2 99
1 496
2 288
1 121
1 683
1 923
2 32
2 288
1 496
1 610
1 9
1 155
1 792
1 185
1 185
1 730
2 681
1 971
1 9
1 730
1 847
1 792
1 923
1 971
1 63
1 488
1 411
1 977
2 378
2 42
1 588
1 314
1 588
2 622
1 440
1 679
1 573
2 99
1 906
2 854
1 488
2 732
1 435
1 94
2 854
1 435
1 94
2 22
1 679
1 314
1 403
2 438
2 409
1 688
1 669
1 262
1 984
2 287
1 731
2 761
2 439
2 824
2 303
2 789
2 410
1 579
2 472
2 528
1 683
2 789
2 22
1 847
1 955
1 403
2 488
2 28
1 977
2 439
2 208
2 444
2 410
1 731
2 824
1 704
1 573
2 208
1 155
2 870
2 528
1 906
2 303
1 688
1 771
1 579
1 941
2 300
2 484
2 773
1 44
1 13
1 593
1 243
2 798
2 521
2 300
2 414
1 989
1 273
1 477
1 892
1 313
2 976
2 62
1 631
1 81
1 656
1 112
1 497
1 980
2 59
2 244
2 702
2 686
2 897
1 493
2 557
1 750
1 911
1 395
2 823
1 262
1 44
2 521
2 681
1 941
2 484
1 477
2 686
1 631
2 59
1 593
1 989
2 870
1 273
2 414
2 180
1 13
1 669
2 835
2 823
2 976
1 892
1 243
1 440
1 497
1 911
2 472
2 920
2 773
2 557
2 702
1 81
2 798
2 28
1 984
1 63
1 127
2 409
1 102
1 656
1 143
1 704
1 980
2 62
1 442
1 313
1 493
2 287
1 181
1 395
2 748
2 748
1 442
1 766
1 771
1 143
1 766
1 865
1 127
2 488
1 380
2 732
2 244
2 438
1 667
2 943
2 761
1 40
1 380
2 231
1 112
2 339
1 40
2 320
1 865
1 835
1 181
1 729
2 180
2 800
2 876
1 667
2 495
1 729
2 856
2 339
1 677
1 835
2 876
1 257
1 40
2 212
1 445
2 186
1 977
1 554
1 977
1 40
2 212
1 437
2 459
1 540
1 102
2 897
2 495
1 148
1 445
2 625
2 856
1 148
1 554
2 234
2 186
2 234
2 543
2 567
2 459
1 387
1 467
1 801
1 387
1 780
2 800
1 780
1 121
1 437
1 180
1 750
2 129
1 467
1 121
2 707
1 180
1 21
2 280
2 227
1 636
2 487
2 202
1 980
2 241
1 544
1 728
2 682
1 66
2 77
1 798
2 919
2 602
2 202
2 487
2 231
2 567
2 77
1 801
2 818
2 32
1 544
1 997
2 707
1 980
2 543
1 997
2 381
2 320
2 32
2 543
2 501
1 481
2 279
2 120
2 788
1 378
2 369
1 699
2 294
2 164
1 487
2 865
2 27
1 297
2 917
2 914
1 540
1 576
2 880
1 237
2 427
1 894
1 877
1 444
2 414
1 767
1 818
2 587
2 639
2 386
2 114
2 402
1 857
1 623
2 462
1 874
1 298
1 756
1 265
2 656
2 674
2 650
2 241
2 496
2 174
1 746
1 458
2 734
2 674
2 873
2 862
1 672
1 565
2 724
2 174
2 294
2 639
1 623
2 587
2 120
2 873
2 501
1 66
1 444
2 880
1 576
2 280
2 381
2 818
2 734
1 699
1 874
1 756
2 862
2 414
1 767
1 297
2 650
1 262
1 481
2 682
2 427
2 386
1 57
2 681
1 382
1 962
2 695
2 627
2 577
2 466
2 190
2 692
2 444
1 7
1 635
2 530
1 818
2 105
2 582
1 235
2 752
1 557
1 252
2 241
2 244
1 692
2 729
1 473
2 514
2 822
2 646
1 896
2 864
1 320
1 974
2 373
2 553
1 846
1 550
2 405
1 879
2 452
1 489
2 952
1 616
1 621
2 632
2 454
1 82
2 105
2 27
2 114
2 914
1 962
2 695
1 896
2 625
1 298
2 514
2 190
2 444
1 7
1 635
1 974
2 244
2 729
1 489
1 487
2 454
2 865
2 632
2 227
1 798
1 636
2 656
2 553
2 864
1 21
1 550
1 894
1 82
2 279
2 154
2 241
1 677
2 582
2 530
2 577
2 952
1 57
2 402
1 616
2 496
1 73
2 692
1 473
2 627
2 129
2 164
2 681
2 712
2 373
1 846
1 382
2 369
1 257
1 621
1 22
1 262
1 857
2 641
2 822
2 919
2 504
1 183
2 977
2 919
2 752
1 320
2 919
2 154
1 728
1 458
1 378
2 712
2 170
2 641
1 565
2 623
2 644
2 797
1 183
2 644
1 265
2 788
1 73
2 283
2 283
2 646
1 692
1 631
2 285
1 590
2 791
2 613
2 411
1 651
1 101
1 375
1 685
1 248
1 744
1 814
1 210
2 220
2 710
1 301
1 458
2 932
2 657
2 999
2 126
1 554
1 750
1 843
1 7
1 886
2 102
1 264
2 17
2 275
1 556
2 282
1 893
1 391
1 474
1 966
1 350
1 857
1 559
1 581
2 33
2 872
1 946
1 543
2 781
2 2
2 91
1 325
2 774
1 520
1 999
1 728
2 67
1 64
2 275
1 7
1 879
1 543
2 91
2 67
1 458
2 33
1 520
2 102
1 235
2 466
1 237
2 917
1 391
1 557
2 602
2 17
1 672
1 843
1 348
2 613
1 264
1 22
1 814
2 126
1 348
1 590
1 554
1 893
2 282
1 350
1 64
1 651
2 781
2 724
1 630
2 543
1 581
1 630
2 932
2 872
2 452
2 977
2 657
2 999
1 857
1 325
2 170
1 248
1 375
2 902
1 101
2 788
1 877
1 301
1 966
1 559
1 210
1 886
1 474
2 791
1 750
2 405
2 956
2 744
2 27
2 462
1 746
2 832
2 57
1 273
1 252
2 636
2 27
2 636
1 744
2 956
1 946
1 728
1 428
2 832
1 919
1 685
1 451
2 298
2 863
2 797
2 2
2 12
2 12
2 710
1 273
2 863
2 411
2 57
1 209
1 515
2 744
1 130
1 761
2 390
1 167
2 902
2 774
1 428
1 840
2 753
1 631
2 623
1 224
1 23
2 788
1 99
1 475
1 398
1 892
2 681
2 888
2 835
1 702
2 664
1 732
2 386
2 464
2 701
2 802
1 108
2 280
2 629
2 203
1 438
2 16
1 969
1 945
2 414
1 265
1 321
2 220
1 840
2 999
2 504
1 702
2 802
1 130
2 285
1 23
2 999
2 280
2 386
2 269
1 475
2 600
1 200
2 269
1 556
2 298
2 461
2 405
1 554
2 478
1 497
1 342
1 927
2 367
2 202
1 329
1 708
1 3
2 143
1 348
2 767
1 677
1 177
1 369
2 462
1 928
1 211
2 421
1 403
2 610
2 113
1 553
2 839
1 509
2 920
1 649
2 261
2 573
1 113
1 281
2 266
2 224
1 345
1 405
1 5
2 633
2 322
2 525
2 566
2 326
2 490
1 514
1 703
1 70
1 124
1 605
1 652
1 974
2 244
2 553
1 749
1 308
1 755
1 398
2 629
2 553
1 369
2 266
1 732
2 664
2 322
2 839
2 478
1 321
1 515
2 464
1 224
1 345
1 265
2 920
2 202
2 767
1 969
1 209
1 200
2 462
1 348
1 928
1 605
1 927
1 70
1 124
1 703
1 167
2 261
2 224
1 675
1 675
1 999
1 405
2 113
1 99
2 143
1 945
2 16
1 761
2 310
2 461
1 708
2 318
1 5
1 342
2 681
1 281
2 326
2 490
1 3
1 403
1 308
2 128
2 414
1 553
1 465
1 509
2 310
2 496
1 38
1 554
2 321
1 974
1 677
1 755
2 203
1 514
2 888
1 329
1 438
1 211
2 610
1 465
1 919
1 150
1 257
1 466
1 892
2 566
2 321
2 600
1 466
1 451
2 390
2 979
1 108
2 408
2 701
2 405
2 835
2 525
1 497
2 717
2 496
1 492
2 408
2 717
1 987
2 124
1 38
1 987
1 626
2 337
2 212
2 867
1 492
1 649
1 652
1 257
2 212
2 572
1 557
1 441
1 101
1 550
1 150
2 867
1 276
1 550
1 626
1 251
1 578
2 979
2 573
1 749
1 266
2 598
2 572
1 113
1 203
1 190
2 367
2 753
1 266
2 337
1 441
2 511
1 712
1 851
2 63
2 660
1 571
1 633
1 886
1 911
2 480
2 100
2 285
1 911
2 318
1 177
1 633
2 511
1 190
2 273
1 712
1 101
1 509
2 100
1 934
1 488
1 203
2 333
1 509
2 435
1 961
2 697
2 693
2 78
1 170
2 162
2 99
1 93
2 424
2 476
2 931
1 949
1 621
1 263
1 274
2 457
1 166
2 252
2 735
1 451
1 788
1 462
1 952
1 229
1 391
2 736
1 879
2 390
1 967
2 931
1 961
2 660
2 390
1 170
1 560
2 99
2 244
1 557
2 693
1 93
2 162
1 571
2 633
1 621
1 488
1 263
2 490
1 451
1 934
1 229
2 273
1 250
1 578
2 424
2 476
2 508
1 967
2 490
1 856
2 480
2 508
2 457
2 107
1 879
1 462
2 736
2 128
1 391
2 124
2 435
2 78
1 560
2 63
1 250
1 251
1 886
2 89
1 276
1 856
1 166
1 949
2 333
1 235
1 46
2 421
2 697
2 152
1 235
1 930
1 952
2 918
1 39
1 851
1 87
1 516
2 285
1 779
2 107
2 737
2 926
1 715
2 765
1 516
2 918
1 788
1 227
2 900
1 697
2 737
1 39
1 227
1 218
2 900
1 77
2 311
2 685
2 873
2 89
1 715
2 443
2 28
2 118
1 608
2 357
2 702
2 640
1 760
1 736
1 987
2 198
1 455
2 771
1 794
2 264
1 444
1 455
1 46
2 765
1 87
1 731
2 873
2 443
1 653
1 853
1 760
2 331
1 274
1 736
2 618
1 930
2 640
2 91
2 357
2 91
2 926
2 252
1 444
1 77
2 292
1 853
2 930
1 132
1 201
2 745
1 365
2 514
1 85
2 70
1 389
1 268
1 119
2 151
1 150
2 509
1 852
1 665
1 826
1 991
2 273
1 664
2 830
1 201
2 118
1 132
1 389
1 365
1 987
2 509
2 273
2 198
1 218
1 826
2 930
2 125
1 653
2 771
1 338
2 685
2 514
2 85
1 305
1 150
2 745
1 852
1 55
1 291
2 151
2 28
2 735
1 731
1 85
1 305
2 331
1 779
1 665
1 338
1 291
1 854
2 867
2 124
2 85
2 698
2 311
2 13
2 702
2 124
1 991
2 5
2 598
1 55
1 427
2 698
2 782
1 603
1 231
2 70
1 664
2 991
2 580
1 794
2 580
2 66
2 152
1 119
1 108
1 297
1 708
2 264
1 178
2 618
2 991
1 609
2 782
2 292
1 609
1 297
2 125
1 854
1 100
1 427
2 703
1 608
2 900
1 108
1 981
2 830
2 136
1 720
2 5
2 900
1 573
1 697
1 929
2 272
1 765
1 9
1 724
2 589
2 767
2 25
2 2
2 494
1 138
1 744
1 635
2 327
2 248
1 128
2 467
1 904
2 846
2 442
2 193
1 273
2 711
1 196
1 323
1 756
1 869
1 353
2 70
1 453
2 625
2 872
1 222
2 723
2 240
1 59
2 643
2 108
2 971
2 997
2 881
1 20
2 840
2 240
1 981
2 108
2 467
1 196
2 711
1 268
2 136
1 353
1 222
1 756
2 68
1 323
2 248
2 971
2 840
1 573
1 914
2 613
1 100
2 938
2 272
1 929
2 589
1 59
1 720
1 128
2 846
2 494
1 603
1 453
1 635
1 9
1 273
2 767
2 643
2 2
1 231
1 708
2 881
2 625
2 263
2 637
2 68
2 263
1 20
2 813
1 173
2 723
2 637
1 173
2 478
1 744
2 997
2 13
2 938
1 757
1 869
2 327
1 939
2 277
2 134
2 872
2 813
1 138
1 585
2 703
2 134
1 240
2 25
2 773
1 59
2 478
2 358
1 403
2 613
1 655
2 919
2 867
2 601
1 95
1 904
1 510
2 919
1 765
2 358
1 970
1 914
1 585
2 875
2 66
1 655
1 95
2 910
1 59
2 193
1 63
1 723
1 516
2 74
2 158
2 982
2 537
2 193
1 324
1 364
2 838
1 999
2 954
2 755
1 314
1 607
1 27
2 906
1 681
2 426
2 548
2 841
1 953
2 505
1 928
1 748
1 549
1 534
2 455
1 255
1 234
1 990
2 744
1 44
1 321
1 387
1 221
2 121
1 118
2 39
2 524
2 512
2 867
2 751
1 234
2 537
1 757
2 910
1 748
1 724
1 240
2 505
2 524
1 516
2 867
2 875
1 118
2 158
1 928
2 39
2 838
1 314
1 723
1 990
1 44
2 548
2 773
1 549
2 841
2 376
2 376
2 70
1 63
2 744
1 970
2 277
2 755
1 607
1 999
1 27
1 963
2 751
2 996
1 963
1 165
2 74
2 954
2 702
2 601
2 512
2 148
1 255
2 150
1 221
1 89
1 534
1 403
2 522
2 702
1 89
1 510
1 387
2 906
2 121
2 426
1 505
2 442
1 364
1 896
1 939
1 324
2 749
2 838
2 522
1 680
2 328
1 680
1 10
1 178
2 988
2 148
2 838
2 982
1 188
1 165
2 441
2 682
2 857
2 467
2 328
2 218
2 996
2 193
2 246
1 681
1 983
2 455
2 246
1 194
2 362
2 857
1 896
1 983
2 749
1 953
1 248
1 877
1 441
1 599
2 181
1 321
2 86
2 150
2 362
1 10
1 194
1 42
2 235
1 42
2 498
1 364
2 510
1 399
2 139
2 988
2 235
2 441
1 188
2 809
2 218
1 364
1 271
1 599
1 399
2 809
1 818
2 139
1 567
2 104
2 882
2 498
1 271
2 181
1 264
1 804
1 499
2 566
2 140
1 626
2 559
2 178
2 733
1 520
2 104
1 520
1 369
2 566
1 626
2 140
2 86
2 733
2 275
1 264
1 380
1 975
2 220
2 336
1 748
1 273
1 4
1 74
1 792
1 689
1 612
1 895
1 710
1 183
2 571
1 616
1 527
2 129
2 910
2 788
1 260
1 727
2 92
1 84
2 12
2 758
1 997
1 901
1 123
1 798
2 444
2 70
2 532
2 988
1 813
2 458
1 496
1 479
1 539
2 893
1 124
1 40
2 284
2 597
2 21
1 885
2 568
1 326
2 528
2 335
1 500
1 866
1 602
1 186
1 854
2 286
1 76
1 907
2 32
2 238
1 224
1 611
1 158
2 278
2 804
1 849
1 697
2 8
1 497
2 324
1 311
1 328
2 438
1 468
2 492
1 503
1 708
1 621
2 63
2 668
1 289
2 884
2 740
1 914
1 221
2 624
1 309
1 480
1 760
2 662
2 641
2 473
1 243
1 818
2 275
2 884
2 668
1 243
1 612
1 158
1 369
1 124
1 4
2 129
1 708
1 997
1 901
1 760
1 224
2 335
2 641
1 123
1 539
1 503
1 885
1 611
2 624
1 479
1 710
2 597
1 854
2 882
1 74
1 326
2 21
1 328
2 758
2 220
1 309
1 877
1 907
2 988
1 602
2 438
2 467
1 260
1 499
2 528
2 238
2 804
1 441
1 497
1 84
2 568
2 559
2 740
2 532
2 492
1 76
2 458
1 697
1 248
1 895
2 571
1 798
1 468
1 273
2 475
1 380
1 40
1 186
2 510
1 567
2 8
1 496
2 92
2 286
1 813
1 804
2 12
1 866
2 666
2 444
1 727
1 644
1 792
1 221
1 183
1 689
1 644
1 480
2 192
2 682
2 383
2 336
1 56
2 662
2 70
1 500
2 473
2 666
2 278
2 963
2 893
1 194
1 814
2 733
2 964
1 48
2 387
1 310
2 671
1 979
1 93
2 976
1 510
1 98
1 739
2 868
1 951
1 385
2 531
2 494
1 457
2 486
1 93
1 402
1 527
2 178
2 910
1 510
1 401
1 881
2 964
2 475
2 733
1 849
1 196
1 748
2 671
1 914
1 616
1 401
2 963
2 788
2 596
1 621
2 531
2 544
1 48
2 976
2 383
1 658
1 979
2 192
1 196
2 863
1 986
2 330
1 416
2 324
1 327
1 56
2 868
1 194
2 284
1 505
2 596
1 327
2 486
1 814
2 866
2 544
1 402
2 581
1 164
1 929
2 902
2 924
1 52
2 282
1 279
1 69
2 907
2 808
2 921
2 781
2 197
2 698
2 695
1 762
1 130
2 30
2 68
2 738
1 612
2 858
1 147
2 14
2 109
1 487
1 594
1 382
1 443
2 343
1 949
2 846
1 282
1 536
2 677
2 31
2 330
1 98
1 310
1 164
1 594
2 921
2 581
2 32
2 863
1 416
1 703
1 739
2 574
2 282
2 866
2 387
1 258
1 147
2 695
1 231
1 443
2 808
2 343
2 369
2 902
2 924
1 258
1 920
1 536
2 197
1 762
1 703
2 542
2 31
1 382
1 881
1 690
2 30
2 907
1 289
2 574
1 929
1 612
2 677
2 542
2 738
1 69
2 781
1 279
2 494
1 975
2 14
1 690
1 33
2 117
1 658
2 161
2 846
2 407
2 117
2 63
2 751
2 698
2 407
2 154
2 109
1 986
2 161
1 33
1 311
2 154
1 952
1 695
2 360
1 547
1 454
1 231
2 858
1 385
1 952
1 52
1 10
2 938
1 920
1 951
1 454
1 422
1 949
1 695
2 68
2 938
1 547
1 479
1 581
1 841
2 664
1 692
2 294
2 784
2 764
1 396
2 14
1 598
2 391
2 732
2 469
2 980
1 358
1 784
2 484
2 206
2 678
1 884
1 494
2 18
2 389
2 291
1 704
2 267
2 314
2 437
1 924
2 910
1 654
2 294
2 18
2 206
1 10
2 389
1 457
1 358
1 884
2 751
1 459
2 394
2 484
2 394
2 437
1 417
1 130
2 79
1 581
2 360
2 784
1 282
1 598
1 479
1 396
2 369
1 270
2 291
2 344
1 692
2 79
1 718
2 469
1 270
2 267
2 14
2 344
1 924
2 401
1 422
1 411
2 63
1 195
1 415
2 250
1 254
1 375
1 376
2 698
1 52
1 631
2 290
1 951
1 311
1 266
2 377
1 824
2 49
1 160
2 305
1 457
1 186
2 17
1 134
1 896
2 953
2 558
2 183
2 252
1 401
1 890
2 1
1 401
1 951
2 250
1 819
2 732
2 252
2 391
1 459
1 52
2 314
2 183
1 819
2 910
2 698
1 704
1 417
1 718
2 401
1 186
1 375
2 49
1 160
2 305
2 664
1 311
1 784
1 134
2 290
2 888
2 74
1 829
1 728
1 494
1 488
1 179
2 63
1 179
2 749
1 487
2 17
1 829
2 1
2 678
1 195
1 339
1 857
1 890
2 558
1 977
1 728
1 254
2 332
1 654
2 332
2 764
1 488
2 177
1 841
1 896
2 286
2 286
2 953
1 217
2 980
1 321
1 321
1 457
1 224
2 780
1 977
2 785
2 717
2 413
2 177
1 714
1 20
1 224
1 415
2 413
1 96
2 780
2 256
1 411
1 418
1 714
2 261
1 339
2 717
1 824
1 857
2 888
2 978
1 96
2 612
1 20
1 376
2 260
2 612
1 833
2 261
2 32
2 411
2 429
2 786
2 256
1 466
2 429
1 32
1 285
1 356
1 356
2 929
2 32
1 387
1 833
1 963
2 74
2 411
2 600
1 285
1 631
2 785
2 600
1 532
1 827
2 487
2 167
2 200
2 978
2 377
1 32
2 220
1 827
1 929
2 346
1 367
1 939
1 828
1 532
2 173
1 963
2 326
2 260
1 229
1 946
2 138
2 870
1 466
2 487
2 326
2 40
2 998
1 946
2 138
2 786
2 870
1 321
1 914
1 914
1 694
2 929
2 749
1 694
2 141
1 321
1 828
2 220
2 200
1 373
2 998
1 367
1 861
2 733
2 933
1 861
1 843
1 418
1 814
1 286
1 174
1 373
1 929
1 907
1 814
1 597
1 174
2 167
1 939
2 346
2 173
2 890
2 819
1 251
1 251
1 988
1 217
1 595
1 201
2 890
1 201
1 988
1 442
2 163
2 163
1 425
1 387
2 819
2 498
2 410
2 859
1 442
2 859
2 141
1 415
1 777
1 30
2 40
2 552
2 174
1 266
2 284
1 415
2 467
1 30
2 467
1 461
2 498
1 741
2 933
1 229
1 843
2 733
1 907
2 414
1 597
1 534
1 669
2 174
2 652
2 151
1 411
1 411
2 482
1 534
2 289
1 711
2 140
2 289
1 595
1 777
2 563
2 44
1 425
2 466
1 711
2 410
2 151
2 44
1 109
1 674
1 491
1 286
1 674
2 563
2 466
1 860
1 668
2 652
1 806
2 629
1 203
2 47
1 257
1 782
1 873
1 923
2 550
1 588
1 595
1 453
2 74
1 495
1 706
2 45
1 161
2 942
1 12
2 937
1 665
1 9
1 656
1 292
2 210
1 611
1 443
1 67
1 286
1 624
2 875
1 869
2 967
2 890
2 687
1 894
2 739
2 145
2 338
2 879
2 436
2 839
1 447
1 40
1 398
2 998
1 100
1 359
1 602
1 539
2 244
2 413
1 752
2 326
1 703
1 653
2 735
1 616
2 817
2 95
2 121
2 454
1 670
1 891
2 684
2 225
1 523
1 985
2 270
2 99
1 610
2 708
1 49
1 560
1 992
1 659
1 871
2 420
1 649
1 62
1 492
2 491
1 446
1 831
1 576
2 118
1 968
1 763
2 275
1 148
2 405
2 882
2 587
1 31
2 500
1 365
2 372
2 601
2 128
2 51
1 201
1 349
2 893
2 31
1 740
1 572
2 179
2 907
2 737
1 138
2 859
1 778
2 253
1 887
1 283
1 175
1 889
1 776
2 735
1 190
1 788
2 414
2 436
2 859
1 665
1 67
1 257
2 482
1 588
2 420
1 602
1 31
1 659
1 610
2 879
2 99
2 907
2 51
2 684
2 118
1 887
2 95
1 891
1 398
1 703
1 201
1 203
1 292
1 873
1 889
1 968
1 668
2 45
1 572
1 495
2 937
2 47
2 121
2 31
2 128
1 649
1 461
1 446
1 706
2 601
1 492
2 413
1 740
1 611
1 365
1 668
1 624
2 500
2 875
2 967
1 100
2 942
1 175
1 860
2 225
2 405
1 670
1 576
2 372
2 817
2 893
2 629
1 62
1 560
1 782
2 890
1 40
1 778
1 752
1 831
1 190
1 443
2 140
1 668
1 669
2 882
1 138
1 491
1 523
1 539
1 741
2 687
2 491
2 321
1 653
2 321
2 179
1 923
2 326
2 552
1 869
1 9
1 12
2 998
1 31
2 862
2 587
2 454
1 283
2 338
1 366
2 210
1 763
1 349
1 806
2 737
2 839
1 788
1 776
1 656
1 366
2 284
2 557
1 28
2 74
2 253
1 894
1 985
2 550
2 835
1 175
1 109
1 528
2 557
2 916
2 835
1 31
2 739
2 862
1 447
2 859
1 616
2 708
2 244
1 871
2 9
1 359
1 148
1 395
2 145
2 876
1 28
1 723
1 966
2 9
1 312
2 652
2 658
2 972
1 453
2 270
1 809
2 307
1 809
2 658
2 730
1 49
1 595
2 679
1 583
2 287
2 785
2 730
1 823
1 823
1 462
1 546
1 974
1 462
1 966
1 773
1 312
1 583
1 499
1 395
2 972
2 859
2 275
2 920
2 876
1 546
2 307
1 152
2 652
1 152
2 747
1 662
1 723
1 683
1 711
1 311
1 175
1 499
1 992
1 370
2 747
2 679
2 920
1 528
1 711
1 38
2 334
2 484
2 53
1 292
1 292
1 268
2 916
2 785
1 311
1 161
2 573
1 973
1 370
2 484
1 470
2 53
2 266
2 516
1 833
1 286
1 833
1 328
1 974
1 302
1 4
2 111
1 973
1 946
1 662
2 266
2 287
2 516
1 750
1 268
1 409
1 946
2 38
1 4
1 328
2 334
1 32
1 441
1 38
2 174
2 573
2 563
1 360
2 38
1 499
1 441
1 100
2 175
1 116
1 588
1 360
1 683
1 555
2 445
1 750
1 874
2 675
1 854
2 705
2 731
2 174
1 302
2 705
1 167
2 60
2 640
2 856
1 499
1 854
2 658
2 896
1 409
1 588
2 111
2 883
2 731
2 790
1 874
1 489
2 750
2 577
2 640
2 883
2 425
2 927
2 514
1 167
2 563
2 514
2 21
1 100
2 21
1 169
2 746
1 588
2 658
1 489
1 751
2 927
2 425
2 902
1 716
2 675
2 942
2 856
2 750
2 942
1 32
2 577
1 715
1 934
1 239
1 716
1 751
2 806
1 470
1 421
1 239
2 806
2 140
2 421
2 913
2 896
2 746
1 489
2 969
1 773
2 78
1 272
2 945
2 83
1 421
1 103
2 670
2 969
2 328
2 468
2 790
2 459
2 328
1 295
1 715
2 385
2 613
2 468
1 295
2 140
1 912
1 912
1 588
2 385
2 459
1 216
1 934
2 421
1 529
2 985
1 696
1 961
1 103
1 529
1 37
1 515
2 717
1 272
1 985
1 839
1 139
2 945
2 995
2 175
2 717
2 610
1 37
2 985
2 771
1 116
1 985
2 83
2 60
1 169
2 78
2 913
2 487
1 300
2 995
2 404
1 321
1 580
1 421
2 767
1 821
2 915
1 778
1 35
2 277
2 624
2 559
2 261
1 594
2 430
2 982
2 28
2 952
2 54
1 880
1 83
2 489
2 70
2 663
2 360
1 993
1 262
2 424
2 984
1 810
2 47
2 941
1 134
1 174
2 941
2 836
1 116
2 683
2 110
2 826
2 999
2 706
2 270
2 489
2 771
2 487
1 116
2 670
2 952
2 430
2 47
2 902
1 134
1 321
1 421
2 767
1 821
2 559
2 54
2 982
1 580
1 961
1 880
1 778
2 683
2 360
2 613
1 255
1 139
1 839
2 624
2 70
2 610
2 348
2 999
2 424
1 810
1 174
1 262
2 984
1 300
2 110
2 115
1 216
1 515
2 836
1 993
2 270
2 663
1 696
2 915
1 989
1 489
2 430
2 430
2 28
2 920
1 35
1 333
2 663
2 971
1 333
2 920
1 238
1 396
1 913
2 115
2 277
1 913
2 652
2 826
2 951
2 706
1 512
1 47
1 708
1 849
1 427
1 537
1 823
2 872
1 798
2 247
2 449
1 863
2 754
1 146
2 361
1 231
2 827
1 733
2 537
1 142
2 966
2 848
2 757
2 85
2 676
2 521
2 258
1 259
2 297
2 517
2 249
2 471
2 170
2 674
2 220
2 469
1 255
1 863
1 989
2 652
1 594
1 733
2 85
1 231
1 901
2 469
1 798
1 823
1 29
1 29
2 261
2 449
2 404
1 427
2 361
2 258
2 827
2 445
2 966
2 663
1 950
2 247
2 757
1 950
1 142
1 83
1 537
1 642
2 754
1 849
1 238
2 255
1 47
1 259
2 980
2 348
2 503
2 951
2 652
1 642
2 220
2 971
2 674
1 992
2 255
2 521
1 992
2 676
2 170
1 555
1 901
2 962
2 397
1 350
1 146
1 899
2 962
1 573
2 8
1 476
1 512
1 501
2 397
2 471
2 249
1 725
1 52
1 963
1 708
2 988
1 996
2 467
1 969
1 963
1 775
2 872
1 996
2 8
1 476
1 142
2 702
1 142
2 988
1 881
2 285
2 684
2 856
2 770
2 212
2 3
1 413
1 996
2 98
1 637
2 583
2 331
1 740
1 210
1 693
1 567
2 935
1 818
1 555
2 45
2 783
2 714
1 376
2 924
2 456
2 449
2 279
2 94
2 608
2 593
1 402
2 385
2 287
1 817
1 943
1 346
2 751
1 253
2 462
1 332
2 322
1 603
2 667
1 215
2 765
2 6
1 445
1 605
2 889
1 814
1 796
2 412
2 428
2 514
2 940
1 452
2 82
1 992
1 380
1 301
1 68
1 410
1 501
1 407
2 85
1 586
2 643
2 83
1 624
2 558
1 80
2 988
1 194
2 666
1 309
2 234
1 464
2 300
1 81
2 860
1 413
1 301
1 817
1 210
1 350
2 212
1 796
2 583
2 770
1 725
2 428
2 449
1 309
2 462
2 765
1 969
2 702
1 992
2 456
1 332
1 818
2 45
2 94
1 943
2 848
2 751
1 52
1 624
1 380
2 300
2 980
2 82
2 667
2 714
1 402
1 464
2 85
1 881
1 81
1 80
1 740
2 98
1 407
1 376
1 899
2 234
1 396
2 856
2 322
1 555
2 287
2 285
1 410
2 514
1 567
2 860
1 637
2 666
1 68
2 643
2 558
2 924
2 331
1 167
2 917
2 228
1 803
2 38
1 588
1 760
2 949
1 724
1 939
1 568
1 182
2 124
1 278
1 994
2 394
2 784
1 435
1 319
2 38
1 588
1 994
2 503
2 940
1 693
2 3
2 608
2 935
1 605
1 346
1 435
1 194
1 996
1 278
2 417
2 889
2 297
2 68
1 414
1 357
2 684
2 279
2 652
2 783
2 467
1 357
2 6
2 83
2 442
2 699
2 736
1 123
1 45
1 781
2 626
1 603
2 517
1 939
1 586
2 442
2 988
1 845
1 167
1 45
1 250
1 814
1 568
1 253
1 215
2 917
2 417
1 803
2 784
1 845
1 182
2 68
2 626
2 234
1 452
1 250
1 760
2 949
2 537
2 394
2 234
2 593
1 123
2 228
2 244
1 313
1 555
2 406
1 414
1 313
2 843
2 244
1 724
2 944
1 415
1 890
2 526
1 775
1 152
2 944
2 385
2 699
1 573
2 412
1 145
2 617
2 843
1 8
1 152
2 526
2 617
2 650
1 781
1 285
1 113
2 898
1 585
1 711
2 516
2 187
2 130
2 79
2 176
1 193
1 597
2 589
1 33
1 318
1 407
1 258
1 614
2 312
1 460
2 44
2 393
2 663
2 967
1 479
2 213
2 687
1 373
2 694
1 420
2 187
1 318
2 79
1 285
2 406
1 479
1 597
2 650
2 516
1 775
1 24
1 132
1 415
1 590
2 151
2 831
2 79
1 137
2 694
1 8
1 193
2 312
1 614
1 132
2 44
2 349
1 24
2 393
1 711
2 862
1 145
2 453
1 420
2 549
2 991
1 828
1 661
2 786
2 831
2 176
2 589
2 862
1 319
1 880
1 585
2 687
2 130
1 990
1 460
1 990
2 449
1 446
2 898
1 633
2 155
2 449
2 79
1 113
1 579
2 124
2 663
1 258
2 528
2 985
2 985
2 453
2 991
1 22
1 6
2 738
1 809
2 895
1 662
2 684
2 862
1 860
1 922
1 144
2 893
1 929
1 602
1 403
2 318
1 925
2 48
2 275
1 687
2 445
2 258
2 964
1 585
2 24
2 802
2 727
1 673
2 776
2 63
2 289
2 390
2 808
2 667
2 717
1 881
2 756
1 689
2 233
2 503
2 413
1 929
1 144
2 667
2 528
1 925
2 413
2 549
1 881
1 590
1 860
2 151
1 687
2 756
1 689
1 880
1 662
2 94
1 446
1 407
2 738
2 503
2 24
1 922
2 445
2 409
1 445
2 409
2 862
2 318
2 786
2 895
1 529
2 390
1 585
2 349
1 809
2 684
2 483
1 529
1 673
2 967
1 917
2 228
1 917
2 776
1 886
1 697
2 48
1 137
2 802
1 22
1 828
2 63
2 258
2 893
2 213
2 808
2 483
1 633
2 365
1 886
1 775
1 403
2 736
1 340
1 555
1 829
2 202
2 275
2 962
1 697
2 727
2 289
2 226
2 795
1 829
2 795
2 709
1 6
2 356
2 365
2 964
2 58
2 202
1 31
1 31
2 58
1 373
2 356
1 398
2 401
1 420
1 299
2 329
1 491
1 73
2 224
2 11
1 61
1 557
1 634
1 428
2 601
1 431
1 477
2 647
1 683
2 296
1 940
1 701
2 210
1 18
2 78
1 589
2 995
1 511
2 224
2 228
1 890
1 477
2 210
2 962
1 589
2 226
1 661
1 579
1 701
2 296
1 69
1 428
1 337
1 557
2 952
1 634
2 647
1 717
1 299
1 940
1 73
1 717
2 11
1 398
2 233
2 855
2 530
2 601
2 530
1 340
1 18
2 855
2 718
2 347
2 347
2 718
2 155
1 602
2 995
1 61
1 491
2 608
2 952
2 78
2 329
1 511
2 178
2 717
2 709
1 922
1 282
1 683
2 652
1 601
1 669
1 922
1 420
1 867
1 384
1 79
2 379
2 488
2 211
2 706
2 364
2 552
2 821
2 761
2 124
1 698
1 748
2 123
2 196
2 773
1 218
1 557
2 866
1 53
2 171
2 128
2 587
1 852
1 199
1 925
1 888
1 684
2 813
1 71
2 996
2 937
2 986
2 904
1 238
1 598
1 138
1 748
1 282
2 178
1 218
2 866
1 295
1 601
2 937
1 637
1 416
1 763
1 914
1 684
1 111
2 612
1 428
1 928
2 398
2 186
2 412
2 617
1 513
1 145
2 912
2 551
2 321
2 368
1 966
2 370
1 355
2 78
1 950
1 569
1 262
1 535
2 189
1 615
1 96
1 61
1 956
1 870
1 29
2 588
2 514
2 64
2 37
2 785
1 399
1 606
1 755
1 977
2 122
2 396
1 928
2 551
1 295
1 96
1 71
2 785
1 29
2 514
1 79
1 513
1 69
2 171
1 262
1 399
2 488
1 637
2 813
1 238
1 33
2 69
2 368
1 888
2 379
2 69
2 398
2 396
2 186
2 46
2 955
1 58
2 122
1 53
2 552
1 615
1 966
1 138
2 401
1 428
1 870
2 46
1 344
2 189
1 416
2 37
2 124
1 344
1 557
1 384
2 773
2 706
1 431
1 741
1 755
1 698
1 950
1 355
1 199
1 598
2 784
1 111
2 321
1 337
1 852
2 94
2 912
2 370
2 123
2 821
2 986
2 64
1 763
2 617
1 977
2 211
1 914
1 290
2 588
2 608
2 587
2 784
1 535
2 450
1 956
2 412
2 196
2 652
2 900
1 506
1 824
1 108
2 364
1 824
1 867
1 569
1 669
1 58
2 941
2 996
2 78
2 688
2 436
1 290
2 507
2 507
2 464
2 558
2 558
2 941
1 190
1 145
1 190
2 450
1 52
2 612
2 721
2 377
1 61
1 108
1 913
2 721
2 464
1 741
2 119
2 155
2 629
2 436
2 119
1 515
2 155
2 592
2 729
2 64
2 688
2 128
2 951
2 904
2 729
1 893
1 447
1 657
1 374
1 709
1 361
2 493
2 379
2 119
2 264
1 493
1 801
2 21
2 725
1 885
1 364
1 441
2 166
2 844
2 572
2 129
1 856
2 264
2 129
2 951
1 52
1 925
1 856
2 653
2 119
2 64
2 592
2 900
1 441
2 955
1 657
1 515
1 801
2 379
2 761
1 639
2 494
2 936
1 606
1 493
1 417
1 417
2 166
2 494
2 377
2 725
1 709
2 629
1 366
2 291
1 366
2 847
1 885
2 844
2 883
1 424
2 158
1 846
1 361
2 493
1 447
1 639
1 374
2 936
1 375
2 521
2 291
2 926
2 420
1 939
2 293
1 880
2 25
1 880
1 364
1 782
1 589
2 563
2 420
2 563
1 775
1 775
1 893
2 146
2 25
2 293
1 375
2 926
2 883
2 746
2 851
2 483
1 782
1 589
2 158
1 942
1 721
1 939
2 521
2 851
2 21
2 847
2 820
2 447
1 846
1 737
1 114
2 653
1 934
2 483
2 447
2 146
1 913
1 640
2 650
2 650
2 410
1 424
2 862
1 907
2 746
1 640
2 572
1 114
1 275
1 275
1 737
2 802
2 385
2 345
2 802
2 820
2 210
2 249
1 721
1 424
2 592
1 604
2 656
2 345
1 285
1 934
1 942
2 751
1 263
1 625
2 410
1 661
1 604
2 656
2 210
2 752
2 34
2 420
2 985
1 589
2 474
1 962
2 713
1 29
2 705
1 344
2 968
2 165
2 421
2 254
1 838
2 251
1 954
2 768
2 241
2 279
2 449
1 351
2 603
1 708
2 321
1 890
1 936
2 3
2 709
2 73
2 289
1 549
2 946
1 965
2 927
2 473
2 723
2 681
2 884
2 70
2 531
1 202
2 511
2 288
1 427
1 505
1 829
1 288
2 92
1 891
1 863
2 366
1 951
1 800
2 609
2 959
2 212
1 789
2 473
2 592
2 985
2 959
1 263
1 954
2 241
2 768
1 344
2 723
2 321
2 611
2 428
2 474
2 212
2 862
1 441
2 279
2 288
2 611
2 449
1 351
2 289
1 838
2 421
1 8
1 424
2 946
1 625
1 589
1 8
2 968
1 285
2 866
1 743
1 743
1 505
2 752
2 927
1 202
1 549
2 385
1 965
1 829
2 531
2 34
1 427
2 165
2 428
1 789
2 254
2 33
1 800
2 511
1 863
1 951
2 713
1 891
1 29
2 3
2 366
2 251
2 609
2 542
1 907
2 549
1 659
1 506
2 993
1 288
2 542
1 661
1 659
2 681
2 420
2 603
2 53
1 339
1 635
2 886
2 53
2 705
2 592
1 962
2 470
2 33
1 515
2 993
2 140
2 654
2 237
2 237
1 850
2 886
1 200
1 542
1 635
2 140
2 439
2 714
1 890
2 439
1 200
2 592
2 326
2 341
2 188
2 326
2 467
2 884
2 45
2 39
2 467
2 633
1 708
1 579
2 638
2 73
1 414
2 875
2 188
2 633
2 70
2 139
2 714
2 285
2 866
1 843
2 626
1 936
1 441
1 821
2 470
1 903
2 549
2 92
1 664
2 139
1 664
2 751
2 285
2 39
1 570
2 875
2 755
1 184
1 339
1 903
2 787
1 579
2 688
2 363
1 169
2 249
2 688
2 626
1 766
1 843
1 279
2 759
2 428
1 850
2 787
1 112
1 542
2 638
1 766
1 112
2 341
2 543
2 363
2 755
1 985
2 292
1 707
2 268
2 748
2 543
1 515
2 748
1 184
2 951
2 709
2 570
1 425
2 368
2 951
1 414
2 45
2 292
1 607
1 570
2 570
1 821
2 708
1 559
1 985
2 428
1 746
2 581
2 654
1 633
1 905
1 937
1 858
1 905
2 759
2 581
1 660
2 115
2 975
2 708
2 237
1 425
1 869
1 169
2 394
1 846
1 327
2 701
2 368
2 944
1 937
1 707
1 403
1 846
2 115
2 944
1 858
1 633
2 939
2 268
1 439
1 463
1 403
2 228
1 327
1 746
2 939
1 417
2 723
2 701
2 716
1 439
1 869
2 228
1 36
1 223
2 975
2 964
1 450
1 432
1 36
1 463
1 279
2 237
1 645
1 559
2 927
1 334
1 883
2 785
1 502
2 921
2 835
2 921
1 276
1 387
2 785
1 284
1 607
1 883
1 645
1 276
1 223
2 446
1 450
2 116
1 560
2 784
2 815
1 140
1 412
2 836
1 735
2 33
2 463
2 778
1 172
1 324
1 921
1 387
1 734
1 109
1 621
1 310
2 425
1 589
1 278
2 92
1 272
2 855
2 374
1 736
1 279
2 794
1 245
1 102
2 8
2 576
2 242
1 54
1 177
2 125
2 750
1 788
2 315
2 139
1 194
1 553
1 152
1 211
2 714
2 759
2 457
2 753
1 46
2 50
1 672
1 611
1 117
2 843
2 380
2 265
1 266
2 199
2 105
2 348
1 380
1 563
2 437
2 382
1 262
1 388
2 373
2 866
2 999
2 992
2 90
2 175
1 752
1 8
1 386
2 50
1 805
1 896
1 262
2 927
1 278
1 589
1 417
2 33
2 835
2 836
2 373
2 576
1 805
2 815
2 199
2 866
2 723
1 896
2 125
1 736
2 394
2 265
1 8
2 8
1 177
1 284
2 577
1 140
1 921
1 310
1 279
2 714
1 117
2 380
2 753
1 380
1 611
2 716
2 242
1 109
2 759
1 672
1 324
1 432
1 102
2 105
2 457
2 90
2 139
1 386
1 735
2 446
2 92
2 315
1 752
1 194
2 383
2 992
1 502
2 778
2 999
1 412
1 388
2 731
2 175
2 750
2 855
2 153
2 153
1 620
1 720
2 310
2 995
1 986
2 740
2 158
2 19
2 75
2 922
2 243
1 479
1 633
1 692
1 397
1 523
1 173
1 654
2 841
1 413
1 600
2 889
2 706
2 126
1 604
1 132
1 69
1 81
2 993
2 793
1 858
1 393
2 293
1 783
2 613
1 630
2 287
2 837
1 280
2 738
1 434
1 50
2 219
2 424
2 797
1 93
1 278
1 772
2 84
2 627
2 355
1 366
1 58
2 214
2 197
1 774
1 935
2 496
1 683
2 380
1 543
2 696
1 94
2 287
1 364
1 561
2 726
2 424
1 720
1 278
1 935
2 463
2 496
1 620
2 841
1 633
2 696
2 348
1 50
2 19
2 837
2 75
2 726
2 740
2 214
1 280
2 731
1 93
2 995
1 211
1 563
1 621
1 600
1 46
1 366
2 738
1 72
2 922
1 783
2 577
1 986
1 543
2 310
1 393
2 767
1 245
2 793
1 553
1 479
1 774
2 706
1 523
2 374
2 243
1 364
2 84
2 627
1 654
1 132
2 293
2 219
1 692
2 794
2 158
2 903
1 734
2 903
1 266
2 197
1 172
1 608
1 399
2 905
2 35
1 322
1 140
1 134
2 317
1 61
1 748
1 252
1 992
2 38
1 191
2 883
2 89
1 745
1 166
2 615
2 407
2 31
1 471
2 566
1 858
2 889
2 883
2 35
2 89
2 615
1 561
1 191
1 334
2 382
2 767
2 964
1 272
1 748
2 784
2 437
1 604
1 608
1 471
2 425
1 683
2 797
1 152
2 342
2 613
1 401
1 252
2 255
1 166
2 383
2 116
1 560
2 905
1 399
1 992
1 660
2 407
2 38
1 417
1 745
1 72
2 993
1 322
2 474
1 140
1 58
1 413
2 355
2 816
2 816
1 54
1 741
2 255
1 61
1 173
2 843
2 735
1 577
2 825
2 423
2 391
2 825
2 735
1 741
2 566
2 515
2 342
2 423
1 577
1 82
1 852
2 309
2 525
2 703
1 361
2 100
2 562
2 137
2 280
1 42
1 460
2 981
1 857
2 12
2 271
2 682
1 269
2 129
1 993
1 58
2 851
2 178
2 55
2 355
2 413
1 345
1 360
1 554
1 471
1 331
1 728
2 345
1 529
1 155
2 343
2 553
2 511
1 523
1 341
2 731
2 495
1 336
1 772
2 280
1 630
2 657
1 134
1 94
2 474
1 42
1 728
1 269
1 523
2 703
1 471
2 271
2 137
1 788
2 511
1 82
2 391
2 355
2 129
2 731
2 55
1 529
2 31
2 343
1 331
2 604
2 178
2 345
2 553
1 857
2 981
1 401
2 12
2 900
2 126
1 852
1 430
2 382
1 155
1 360
1 417
1 554
1 69
2 525
2 604
2 400
1 397
2 380
2 900
1 993
2 495
1 430
2 382
2 497
1 81
2 460
2 517
1 345
2 417
1 361
2 817
2 449
2 309
2 851
1 889
2 460
2 682
1 460
2 657
1 58
2 501
2 317
2 100
2 786
2 501
1 501
2 400
2 413
2 517
2 152
1 678
2 723
2 531
2 152
1 501
2 449
1 336
2 851
1 714
2 851
2 717
1 829
2 543
1 389
2 961
2 696
2 825
2 756
2 973
2 822
2 29
1 535
1 255
2 622
2 142
1 939
2 133
2 887
2 618
1 32
2 508
1 974
2 974
1 803
2 48
2 630
2 83
1 903
1 465
2 313
1 967
1 961
1 527
1 396
1 289
1 200
1 656
1 611
2 21
1 75
2 717
2 622
1 803
2 786
1 656
1 255
1 611
2 142
2 497
2 817
1 536
1 829
2 887
1 341
2 543
1 889
2 48
1 678
1 434
1 221
2 21
2 133
2 313
1 714
2 29
1 536
1 981
2 723
1 282
2 974
1 434
1 961
1 200
2 756
2 391
2 822
1 797
2 508
1 75
1 221
2 562
1 981
1 903
1 282
2 128
2 596
2 128
1 527
1 465
1 822
2 825
1 32
1 434
2 417
1 101
1 939
1 967
2 261
2 391
1 101
2 348
2 696
1 750
2 531
2 973
2 925
1 138
1 662
1 750
1 974
1 651
2 566
1 122
2 557
1 934
2 796
2 566
1 396
1 743
2 822
2 806
2 348
1 822
1 797
1 389
1 662
1 834
1 535
2 579
2 907
2 579
1 25
1 937
2 618
2 755
1 934
2 557
1 937
1 910
2 822
1 699
2 417
1 910
1 651
1 138
1 772
2 596
2 781
1 25
2 781
2 268
1 482
2 547
2 515
2 547
1 743
2 496
1 834
2 83
2 877
2 925
2 877
1 739
2 806
2 931
2 382
1 457
2 268
2 496
1 739
1 482
1 457
1 772
2 907
2 382
1 609
2 796
1 961
2 804
2 961
2 648
2 338
2 316
2 338
1 969
2 316
2 931
2 261
1 277
2 134
1 192
1 8
1 130
2 938
2 976
2 694
1 792
1 424
1 341
1 481
2 288
1 455
2 540
2 354
2 235
1 301
1 775
1 869
2 378
1 675
1 998
2 31
1 192
1 920
1 288
1 609
1 277
2 938
1 961
1 869
2 378
1 289
1 920
1 453
2 755
1 699
2 288
1 481
1 122
1 453
2 134
1 928
2 976
2 642
1 8
1 301
1 969
2 990
2 804
1 899
2 359
1 53
2 683
2 335
1 979
2 962
2 672
2 740
2 834
1 218
1 32
1 440
2 455
2 407
2 491
1 157
1 815
1 900
1 103
1 957
1 998
1 288
1 815
2 642
2 335
1 157
2 962
2 31
1 792
2 417
2 155
2 354
1 32
2 435
1 701
2 672
2 651
2 683
2 540
1 440
1 701
2 555
2 885
2 630
2 359
2 407
1 130
2 435
2 491
1 900
1 218
2 235
2 371
1 675
1 775
2 155
1 455
2 109
2 109
1 979
1 692
2 834
2 740
1 51
1 19
2 351
1 19
2 648
2 371
1 424
1 649
2 990
1 103
1 341
1 895
1 928
2 651
2 147
2 406
2 889
1 410
2 734
2 82
1 957
2 82
1 936
2 423
2 455
1 410
2 188
1 514
2 889
1 649
1 723
1 52
2 197
2 228
2 160
2 689
2 512
1 38
1 492
1 59
1 811
1 440
2 966
2 414
2 982
1 451
1 849
1 944
1 718
2 871
1 249
1 746
1 50
2 163
1 647
2 711
1 924
1 673
1 801
2 758
2 83
1 615
2 440
2 289
2 676
2 649
2 390
1 817
2 651
1 510
1 738
1 802
1 164
1 574
1 692
1 736
1 702
2 798
2 661
2 572
1 323
2 17
2 849
2 128
1 744
2 260
1 72
2 288
1 427
1 734
2 560
2 32
2 281
1 714
1 428
1 723
1 492
2 966
1 738
1 514
1 574
2 982
2 128
1 702
2 694
1 323
1 38
2 390
1 615
2 423
2 289
1 899
2 871
1 52
2 885
2 440
1 734
1 744
1 647
1 714
2 512
1 924
2 711
1 59
2 260
2 758
1 451
2 734
1 817
1 405
1 944
2 147
2 406
1 801
1 51
2 83
2 527
2 661
1 510
1 736
1 936
1 811
1 50
2 649
2 676
2 835
1 440
2 555
1 249
1 405
2 32
1 427
1 877
2 414
2 288
1 552
2 281
2 68
1 552
2 228
2 446
2 820
2 450
1 424
2 446
2 559
1 164
2 188
1 895
2 450
2 527
1 746
2 570
2 560
2 798
2 351
1 769
1 53
2 858
1 769
2 614
2 197
1 877
1 424
2 570
1 219
1 937
2 880
2 572
1 673
2 475
2 68
1 346
1 718
2 849
2 880
2 559
2 206
1 950
2 838
2 838
1 835
2 614
1 298
1 346
1 420
2 724
2 163
2 835
2 206
1 804
2 478
1 950
2 209
2 160
2 724
2 475
1 804
1 428
1 835
2 820
2 651
2 756
2 77
2 77
2 858
1 432
1 802
2 785
1 432
1 72
1 849
1 637
2 756
1 201
2 785
1 822
2 209
2 885
2 406
2 812
2 761
1 937
2 949
2 885
2 972
1 915
2 949
