1000
1 0 0 0 0 0 1 0 0 0 1 0 1 0 0 1 0 0 1 0 0 0 1 1 0 1 0 0 0 1 1 0 1 1 1 0 1 1 1 0 1 1 1 1 0 1 1 0 1 1 0 0 1 1 1 1 1 0 0 0 0 0 1 0 1 0 1 1 1 0 1 1 1 0 1 0 1 1 1 0 1 1 1 0 1 1 0 1 0 1 1 0 0 0 0 1 0 0 0 1 0 1 0 1 1 1 0 0 0 0 1 0 1 0 0 1 0 1 0 0 1 0 0 0 1 1 0 0 1 1 0 1 0 1 0 0 0 0 1 0 1 0 1 0 0 1 0 0 1 1 0 1 1 1 1 1 0 0 1 0 0 1 0 0 0 1 0 1 0 1 0 1 0 1 1 0 0 1 1 1 1 1 0 0 0 1 0 0 0 1 0 1 0 0 1 1 0 0 1 0 1 0 0 1 0 0 0 0 0 0 0 0 0 0 0 0 0 0 0 0 0 0 0 0 0 0 0 0 0 0 0 0 0 0 0 0 0 0 0 0 0 0 0 0 0 0 0 0 0 0 0 0 0 0 0 0 0 0 0 0 0 0 0 0 0 0 0 0 0 0 0 0 0 0 0 0 0 0 0 0 0 0 0 0 0 0 0 0 0 0 0 0 0 0 0 0 0 0 0 0 0 0 0 0 0 0 0 0 0 0 0 0 0 0 0 0 0 0 0 0 0 0 0 0 0 0 0 0 0 0 0 0 0 0 0 0 0 0 0 0 0 0 0 0 0 0 0 0 0 0 0 0 0 0 0 0 0 0 0 0 0 0 0 0 0 0 0 0 0 0 0 0 0 0 0 0 0 0 0 0 0 0 0 0 0 0 0 0 0 0 0 0 0 0 0 0 0 0 0 0 0 0 0 0 0 0 0 0 0 0 0 0 0 0 0 0 0 0 0 0 0 0 0 0 0 0 0 0 0 0 0 0 0 0 0 0 0 0 0 0 0 0 0 0 0 0 0 0 0 0 0 0 0 0 0 0 0 0 0 0 0 0 0 0 0 0 0 0 0 0 0 0 0 0 0 0 0 0 0 0 0 0 0 0 0 0 0 0 0 0 0 0 0 0 0 0 0 0 0 0 0 0 0 0 0 0 0 0 0 0 0 0 0 0 0 0 0 0 0 0 0 0 0 0 0 0 0 0 0 0 0 0 0 0 0 0 0 0 0 0 0 0 0 0 0 0 0 0 0 0 0 0 0 0 0 0 0 0 0 0 0 0 0 0 0 0 0 0 0 0 0 0 0 0 0 0 0 0 0 0 0 0 0 0 0 0 0 0 0 0 0 0 0 0 0 0 0 0 0 0 0 0 0 0 0 0 0 0 0 0 0 0 0 0 0 0 0 0 0 0 0 0 0 0 0 0 0 0 0 0 0 0 0 0 0 0 0 0 0 0 0 0 0 0 0 0 0 0 0 0 0 0 0 0 0 0 0 0 0 0 0 0 0 0 0 0 0 0 0 0 0 0 0 0 0 0 0 0 0 0 0 0 0 0 0 0 0 0 0 0 0 0 0 0 0 0 0 0 0 0 0 0 0 0 0 0 0 0 0 0 0 0 0 0 0 0 0 0 0 0 0 0 0 0 0 0 0 0 0 0 0 0 0 0 0 0 0 0 0 0 0 0 0 0 0 0 0 0 0 0 0 0 0 0 0 0 0 0 0 0 0 0 0 0 0 0 0 0 0 0 0 0 0 0 0 0 0 0 0 0 0 0 0 0 0 0 0 0 0 0 0 0 0 0 0 0 0 0 0 0 0 0 0 0 0 0 0 0 0 0 0 0 0 0 0 0 0 0 0 0 0 0 0 0 0 0 0 0 0 0 0 0 0 0 0 0 0 0 0 0 0 0 0 0 0 0 0 0 0 0 0 0 0 0 0 0 0 0 0 0 0 0 0 0 0 0 0 0 0 0 0 0 0 0 0 0 0 0 0 0 0 0 0 0 0 0 0 0 0 0 0 0 0 0 0 0 0 0 0 0 0 0 0 0 0 0 0 0 0 0 0 0 0 0 0 0 0 0 0 0 0 0 0 0 0 0 0 0 0 0 0 0 0 0 0 0 0 0 0 0 0 0 0 0 0 0 0 0 0 0 0 0 0 0 0 0 0 0 0 0 0 0 0 0 0 0 0 0 0 0 0 0 0 0 0 0 0 0 0 0 0 0 0 0 0 0 0 0 0 0 0 0 0 0 0 0 0 0 0 0
0 0 0 0 0 0 0 0 0 0 0 0 0 0 0 0 0 0 0 0 0 0 0 0 0 0 0 0 0 0 0 0 0 0 0 0 0 0 0 0 0 0 0 0 0 0 0 0 0 0 0 0 0 0 0 0 0 0 0 0 0 0 0 0 0 0 0 0 0 0 0 0 0 0 0 0 0 0 0 0 0 0 0 0 0 0 0 0 0 0 0 0 0 0 0 0 0 0 0 0 0 0 0 0 0 0 0 0 0 0 0 0 0 0 0 0 0 0 0 0 0 0 0 0 0 0 0 0 0 0 0 0 0 0 0 0 0 0 0 0 0 0 0 0 0 0 0 0 0 0 0 0 0 0 0 0 0 0 0 0 0 0 0 0 0 0 0 0 0 0 0 0 0 0 0 0 0 0 0 0 0 0 0 0 0 0 0 0 0 0 0 0 0 0 0 0 0 0 0 0 0 0 0 0 0 0 0 0 0 0 0 0 0 0 0 0 0 0 0 0 0 0 0 0 0 0 0 0 0 0 0 0 0 0 0 0 0 0 0 0 0 0 0 0 0 0 0 0 0 0 0 0 0 0 0 0 0 0 0 0 0 0 0 0 0 0 0 0 0 0 0 0 0 0 0 0 0 0 0 0 0 0 0 0 0 0 0 0 0 0 0 0 0 0 0 0 0 0 0 0 0 0 0 0 0 0 0 0 0 0 0 0 0 0 0 0 0 0 0 0 0 0 0 0 0 0 0 0 0 0 0 0 0 0 0 0 0 0 0 0 0 0 0 0 0 0 0 0 0 0 0 0 0 0 0 0 0 0 0 0 0 0 0 0 0 0 0 0 0 0 0 0 0 0 0 0 0 0 0 0 0 0 0 0 0 0 0 0 0 0 0 0 0 0 0 0 0 0 0 0 0 0 0 0 0 0 0 0 0 0 0 0 0 0 0 0 0 0 0 0 0 0 0 0 0 0 0 0 0 0 0 0 0 0 0 0 0 0 0 0 0 0 0 0 0 0 0 0 0 0 0 0 0 0 0 0 0 0 0 0 0 0 0 0 0 0 0 0 0 0 0 0 0 0 0 0 0 0 0 0 0 0 0 0 0 0 0 0 0 0 0 0 0 0 0 0 0 0 0 0 0 0 0 0 0 0 0 0 0 0 0 0 0 0 0 0 0 0 0 0 0 0 0 0 0 0 0 0 0 0 0 0 0 0 0 0 0 0 0 0 0 0 0 0 0 0 0 0 0 0 0 0 0 0 0 0 0 0 0 0 0 0 0 0 0 0 0 0 0 0 0 0 0 0 0 0 0 0 0 0 0 0 0 0 0 0 0 0 0 0 0 0 0 0 0 0 0 0 0 0 0 0 0 0 0 0 0 0 0 0 0 0 0 0 0 0 0 0 0 0 0 0 0 0 0 0 0 0 0 0 0 0 0 0 0 0 0 0 0 0 0 0 0 0 0 0 0 0 0 0 0 0 0 0 0 0 0 0 0 0 0 0 0 0 0 0 0 0 0 0 0 0 0 0 0 0 0 0 0 0 0 0 0 0 0 0 0 0 0 0 0 0 0 0 0 0 0 0 0 0 0 0 0 0 0 0 0 0 0 0 0 0 0 0 0 0 0 0 0 0 0 0 0 0 0 0 0 0 0 0 0 0 0 0 0 0 0 0 0 0 0 0 0 0 0 0 0 0 0 0 0 0 0 0 0 0 0 0 0 0 0 0 0 0 0 0 0 0 0 0 0 0 0 0 0 0 0 0 0 0 0 0 0 0 0 0 0 0 0 0 0 0 0 0 0 0 0 0 0 0 0 0 0 0 0 0 0 0 0 0 0 0 0 0 0 0 0 0 0 0 0 0 0 0 0 0 0 0 0 0 0 0 0 0 0 0 0 0 0 0 0 0 0 0 0 0 0 0 0 0 0 0 0 0 0 0 0 0 0 0 0 0 0 0 0 0 0 0 0 0 0 0 0 0 0 0 0 0 0 0 0 0 0 0 0 0 0 0 0 0 0 0 0 0 0 0 0 0 0 0 0 0 0 0 0 0 0 0 0 0 0 0 0 0 0 0 0 0 0 0 0 0 0 0 0 0 0 0 0 0 0 0 0 0 0 0 0 0 0 0 0 0 0 0 0 0 0 0 0 0 0 0 0 0 0 0 0 0 0 0 0 0 0 0 0 0 0 0 0 0 0 0 0 0 0 0 0 0 0 0 0 0 0 0 0 0 0 0 0 0 0 0 0 0 0 0 0 0 0 0
10000
1 298
1 341
1 787
1 953
1 52
2 738
1 255
1 851
1 50
1 141
2 831
1 978
1 833
1 826
2 252
1 764
2 775
2 102
1 944
2 702
2 550
2 849
1 306
2 657
1 66
2 193
2 567
1 201
2 157
1 202
2 918
2 349
1 739
2 269
1 906
1 850
1 202
2 605
2 943
2 67
1 512
2 513
1 376
2 543
1 162
1 139
2 567
1 132
1 30
1 180
2 513
1 178
2 550
2 943
1 71
1 152
1 850
1 38
1 129
1 255
1 96
1 100
1 106
1 90
1 73
1 149
1 174
1 66
1 154
1 54
1 134
1 116
1 150
2 252
1 39
2 775
1 166
1 7
2 657
1 146
1 35
1 168
1 104
1 192
2 193
1 53
1 102
2 157
2 67
1 85
1 181
1 44
1 43
1 155
1 31
1 33
2 102
1 24
1 512
1 41
1 906
1 199
1 204
2 849
1 11
1 121
1 52
1 186
1 851
1 57
2 918
1 75
1 37
1 195
1 764
1 196
2 702
1 182
1 126
1 105
1 376
1 68
1 82
2 269
1 125
1 46
1 978
1 69
1 118
1 179
2 605
1 42
1 953
1 341
1 47
1 88
2 543
1 153
2 738
1 170
1 113
2 562
1 298
1 172
1 826
1 13
1 49
1 77
1 34
1 159
1 56
1 81
2 637
1 175
2 562
1 739
2 749
1 78
1 19
1 86
1 130
1 944
1 63
1 16
2 270
2 637
1 584
2 306
1 874
2 59
2 831
1 65
1 26
1 91
1 787
1 874
2 370
1 55
2 857
2 694
2 822
2 270
2 290
2 349
1 776
1 67
2 857
2 822
2 694
1 72
2 749
1 510
2 257
2 257
1 190
1 833
1 23
1 776
2 361
2 379
1 57
1 143
1 79
2 730
1 57
1 374
1 739
2 201
1 286
1 111
2 160
2 462
2 361
1 306
1 584
2 815
1 739
2 822
2 462
2 370
2 124
2 124
1 606
2 198
1 510
2 201
1 680
1 286
2 306
1 191
2 379
2 695
2 815
2 198
1 574
1 866
2 411
2 730
1 866
1 191
2 822
1 606
1 156
2 160
2 695
2 411
1 817
2 366
2 874
2 369
2 366
2 369
1 680
1 723
2 943
2 67
2 59
1 574
2 874
1 723
1 561
1 817
1 668
2 614
2 270
1 433
1 374
2 660
1 300
1 697
1 947
1 757
1 561
1 925
2 660
2 432
2 290
1 724
1 83
1 920
1 176
2 614
1 781
1 781
2 549
1 123
1 920
1 668
1 176
1 433
1 559
2 432
2 394
1 505
1 123
2 584
1 498
1 893
2 549
1 666
1 757
1 893
1 300
1 559
1 862
2 270
2 507
1 724
1 20
1 20
2 584
2 91
2 67
1 505
1 666
2 980
1 56
2 879
1 862
2 409
1 947
2 879
2 980
1 72
1 839
1 704
2 588
2 394
2 863
1 849
1 849
2 558
1 913
1 72
2 932
1 720
1 52
2 863
1 913
1 720
2 337
1 56
2 169
2 957
1 925
1 229
2 558
2 932
2 665
1 697
2 871
1 229
1 679
1 908
1 337
2 227
1 972
1 52
2 337
2 174
1 377
1 867
1 44
2 660
1 931
1 238
2 470
2 895
1 925
2 687
1 159
1 690
2 684
2 148
2 317
2 252
2 969
2 494
1 302
2 292
2 608
1 314
1 52
2 637
2 380
2 268
1 935
2 431
1 558
1 561
1 787
1 422
1 609
2 165
2 215
2 217
2 887
1 209
2 581
2 984
2 533
1 742
2 400
2 955
2 402
2 219
2 949
1 47
2 215
2 319
2 860
1 905
1 523
2 324
1 213
1 627
1 608
2 700
2 379
2 56
1 266
2 606
2 715
2 861
1 293
2 470
2 861
2 687
1 558
2 174
2 588
2 684
2 402
2 895
1 47
2 984
1 159
1 422
1 377
2 943
1 627
2 660
1 609
2 219
1 679
1 238
1 972
1 787
1 209
2 56
1 337
2 431
1 608
2 324
2 665
2 637
2 252
2 969
2 227
2 380
1 213
2 548
1 293
2 581
1 742
1 44
2 606
2 309
2 955
2 715
2 409
2 608
2 148
1 839
2 887
1 836
2 871
1 905
2 379
1 690
2 400
2 217
1 931
2 30
2 169
2 405
1 498
2 91
1 583
2 55
2 268
2 55
1 151
2 319
1 925
2 309
1 52
1 808
2 494
1 151
2 466
2 506
2 943
1 431
2 70
1 122
2 268
1 357
1 375
1 169
1 665
1 222
1 818
1 517
1 215
1 602
2 945
2 736
2 695
2 895
2 654
2 715
1 316
2 236
2 151
1 609
2 587
2 253
2 891
1 523
2 548
1 385
1 418
2 321
1 456
1 913
1 325
1 160
2 139
1 602
1 277
2 718
2 544
2 708
1 142
2 268
1 160
2 860
2 139
1 913
2 30
2 165
2 544
2 321
1 222
1 169
1 561
1 818
1 316
1 418
2 405
2 141
2 708
2 718
1 325
1 96
2 466
2 695
1 456
2 54
1 935
1 375
1 609
2 895
2 506
1 96
2 54
1 517
2 467
1 44
2 300
2 253
1 266
1 277
2 292
2 151
1 44
2 107
2 374
2 107
1 867
2 891
1 481
1 130
1 908
2 957
2 678
2 700
2 949
1 142
2 507
1 314
2 317
1 704
1 130
2 678
2 943
2 374
1 481
2 141
2 533
1 977
1 282
1 302
1 808
2 715
2 417
2 462
2 240
1 215
2 988
1 977
2 236
1 665
2 452
2 972
2 70
2 972
2 725
2 467
2 988
2 995
2 571
1 357
2 832
1 31
2 962
2 738
2 669
1 282
1 694
2 654
1 73
1 836
1 325
2 719
2 630
1 583
2 360
2 392
1 747
2 100
2 956
1 183
2 946
1 893
2 673
1 953
1 5
2 263
2 119
2 739
1 875
2 73
1 735
1 548
2 833
1 539
2 287
1 371
1 295
1 652
1 241
1 729
1 784
1 244
2 265
2 498
2 688
1 5
2 688
1 371
2 725
1 295
1 539
1 385
1 652
2 833
1 241
1 73
2 392
2 287
2 498
2 738
1 936
2 630
2 417
1 735
1 548
1 122
2 119
2 100
2 739
2 73
2 571
1 936
2 956
2 995
1 31
2 736
1 319
2 452
2 265
2 669
1 729
2 462
2 388
2 766
1 900
1 493
2 832
2 88
1 252
2 808
2 835
2 576
2 299
1 683
1 960
2 668
1 166
1 165
2 866
1 791
1 317
1 334
1 107
2 189
2 12
2 404
2 61
2 128
2 784
2 743
1 624
1 458
2 325
2 654
2 204
1 83
2 595
1 898
1 181
1 911
2 383
1 210
2 278
1 329
1 715
1 602
1 953
1 767
1 13
2 450
2 316
1 602
2 835
2 683
1 864
1 784
1 183
2 576
2 299
2 240
2 587
1 900
1 317
2 683
2 204
2 946
2 383
2 128
2 316
1 864
2 945
2 278
1 893
2 450
2 12
1 683
1 325
2 325
1 431
2 61
1 898
2 497
1 791
1 83
1 715
1 747
1 252
2 360
1 166
1 911
1 875
2 497
1 643
2 808
2 263
2 88
1 493
1 767
2 654
1 334
1 107
1 13
1 589
2 743
1 589
1 624
2 692
2 21
2 766
1 847
2 21
1 643
2 735
1 519
2 866
2 404
1 181
1 673
1 75
2 668
2 300
1 792
1 329
1 165
1 210
1 694
1 792
1 519
2 268
2 189
2 984
2 959
2 595
2 388
1 458
2 984
1 244
1 268
1 487
2 517
1 156
2 719
2 962
1 156
2 744
1 614
1 710
2 744
1 319
2 735
2 673
1 169
1 722
1 487
1 977
2 959
2 702
1 283
2 128
2 219
2 311
1 268
2 919
1 446
1 169
2 217
1 710
1 847
1 621
1 722
1 750
1 27
2 517
1 12
1 350
2 128
1 614
1 283
1 112
2 919
1 221
1 112
1 960
1 221
2 692
2 219
1 909
2 311
2 227
1 296
1 418
1 350
1 518
1 296
2 832
1 12
1 75
1 234
2 217
1 673
1 750
2 268
2 130
1 826
1 964
2 114
2 132
1 664
1 779
2 397
2 227
1 800
2 130
1 561
2 114
1 234
1 265
1 418
2 397
2 132
1 518
1 162
1 826
1 909
2 702
1 621
2 832
2 784
1 626
2 173
1 869
1 509
1 966
2 706
2 565
1 451
1 272
1 109
1 452
2 526
2 399
1 334
1 704
1 629
2 257
1 41
1 85
2 870
2 562
1 864
2 641
1 961
2 557
1 341
2 945
1 826
2 3
1 55
2 595
1 766
2 231
2 872
1 709
2 237
1 813
1 116
2 25
1 452
1 561
1 265
1 704
2 595
1 709
2 25
1 826
1 629
1 730
1 730
1 83
1 272
1 341
2 257
1 446
1 813
1 27
1 869
2 562
1 385
2 706
1 162
2 526
1 385
1 83
2 231
2 173
2 3
2 897
1 766
1 659
1 864
2 897
1 977
2 126
1 41
2 394
2 560
1 365
2 817
2 218
1 927
1 242
2 104
2 113
1 128
2 409
1 475
1 249
1 321
1 813
1 565
2 661
1 533
2 790
1 475
2 320
2 186
2 622
2 427
2 994
1 947
1 334
2 987
1 917
1 967
1 319
2 622
2 599
1 319
2 237
1 451
1 664
2 126
1 626
2 661
2 565
1 673
1 109
2 870
2 641
1 813
1 659
1 321
2 599
1 85
1 967
2 557
1 673
2 235
2 560
1 800
2 994
1 947
2 427
2 218
2 950
2 950
2 409
1 249
2 576
2 97
2 305
1 474
1 682
1 361
2 706
2 856
1 872
1 667
2 229
1 424
1 946
2 949
1 571
2 976
2 987
1 927
2 97
2 945
2 949
1 365
1 116
2 809
2 976
2 320
2 809
2 817
1 533
1 565
2 235
1 964
2 104
1 424
1 872
1 667
1 242
2 399
2 856
1 682
1 128
1 917
1 961
2 576
1 361
1 509
1 154
2 113
1 966
1 864
2 632
1 435
1 606
1 826
1 343
1 242
2 844
2 533
2 408
1 63
2 520
2 668
2 228
2 782
2 915
1 88
1 778
1 126
2 514
2 798
1 410
2 149
2 820
1 202
2 997
2 568
2 47
1 29
1 121
2 120
2 313
1 245
1 293
2 222
1 357
2 286
2 677
1 421
2 659
2 450
1 9
1 619
2 813
1 39
2 720
1 529
1 369
2 270
1 807
1 209
2 516
2 626
1 614
1 452
2 418
2 462
1 293
1 202
1 209
2 533
1 29
2 514
1 452
1 779
1 606
2 820
1 731
2 720
1 874
2 915
2 313
1 826
1 161
2 305
1 435
1 63
2 222
1 807
2 872
2 450
1 614
2 418
1 121
2 394
2 706
2 782
1 9
2 790
1 357
2 626
2 798
2 149
2 297
2 844
2 229
2 997
2 938
2 677
1 731
1 778
1 343
2 938
1 799
1 242
2 568
1 946
2 718
2 520
1 413
1 222
1 387
2 255
1 872
1 539
1 582
2 997
1 278
1 383
2 246
2 187
1 315
2 451
1 938
2 171
2 97
2 694
2 947
2 432
2 249
1 369
1 154
1 161
2 408
1 529
2 462
2 850
1 387
2 47
2 297
1 315
2 718
2 120
2 171
2 97
2 632
2 228
2 668
1 387
1 88
2 345
1 421
2 648
1 938
2 659
2 432
2 153
1 872
2 153
2 286
2 997
2 249
1 413
1 245
2 743
1 539
2 246
1 874
1 222
1 582
1 571
2 850
1 685
2 516
2 842
1 446
2 813
1 799
2 835
2 187
1 619
1 864
2 835
2 255
2 691
1 446
2 979
2 586
1 55
1 474
1 185
1 358
1 387
2 586
2 842
1 278
2 947
1 93
2 206
2 509
1 685
1 29
2 694
1 29
1 458
2 543
1 813
1 126
1 39
2 509
1 653
1 653
1 888
2 451
2 270
1 308
2 206
2 270
1 93
1 458
1 395
1 660
2 448
1 185
1 813
2 745
2 448
2 345
2 858
2 238
2 743
2 238
2 168
2 140
2 973
1 100
2 973
1 200
2 543
2 781
1 399
1 410
1 888
2 613
1 612
1 383
2 772
1 338
1 82
1 642
2 186
2 613
2 140
1 366
1 338
1 308
1 216
1 642
2 168
2 360
2 643
2 745
1 358
2 109
2 626
2 772
2 835
1 660
2 691
2 979
1 928
1 82
1 612
1 928
2 448
2 109
2 729
1 10
2 489
1 685
1 637
1 580
2 334
2 268
2 198
1 715
1 287
2 392
1 741
1 241
2 290
1 638
2 907
2 3
1 911
2 698
1 540
2 393
1 736
2 876
1 727
1 983
1 95
2 528
1 690
1 112
1 698
1 32
2 952
1 985
2 885
2 943
1 475
1 536
1 353
2 71
1 553
2 753
1 682
1 517
2 14
1 306
1 634
2 271
2 306
1 931
2 899
1 586
2 711
2 636
2 879
1 430
1 464
1 92
1 602
1 912
1 366
2 952
2 788
1 536
2 907
1 475
1 931
1 353
2 360
1 911
1 602
1 200
2 876
1 95
1 638
1 430
2 643
2 729
2 489
1 553
1 580
1 698
2 753
1 10
1 682
2 626
1 399
1 727
2 198
2 698
2 392
1 736
2 270
2 271
1 985
1 241
1 685
1 216
2 334
1 586
2 781
2 71
1 912
2 149
2 885
1 395
2 268
1 100
1 637
1 380
1 306
2 393
1 741
1 540
1 690
1 32
2 3
2 943
2 788
1 112
2 879
2 858
1 226
2 448
1 756
1 553
1 447
1 169
2 290
1 517
2 969
1 983
2 306
2 648
2 14
1 193
2 149
1 846
1 464
2 839
1 169
1 287
2 835
2 992
2 830
1 380
2 899
2 27
2 711
1 92
2 26
1 226
2 408
1 846
1 715
2 839
1 634
1 232
1 447
2 408
2 528
1 722
1 750
1 366
1 351
2 205
1 652
1 425
2 382
2 378
2 453
1 31
2 610
2 316
1 267
2 943
2 831
2 74
1 84
1 378
2 781
1 45
2 354
2 724
2 701
1 429
2 775
2 5
2 803
1 852
2 116
1 260
1 953
2 650
2 288
1 303
2 820
2 337
1 193
1 232
2 27
1 378
1 351
2 650
2 5
2 458
1 663
1 789
2 528
2 648
1 379
2 22
1 782
1 282
2 939
2 981
1 756
2 16
2 337
2 724
1 366
2 792
2 648
2 939
2 453
2 992
2 701
1 663
1 429
1 722
2 205
2 16
2 65
2 830
1 303
2 936
1 31
1 852
2 74
2 382
1 84
2 496
2 794
2 408
1 953
2 636
2 792
2 820
2 981
2 960
2 781
2 783
2 316
2 528
2 496
2 775
1 282
2 619
2 378
1 686
2 65
1 267
2 960
2 803
1 379
1 45
2 123
1 425
2 610
2 936
2 831
2 619
1 260
1 750
2 328
1 894
2 767
1 789
2 794
2 548
2 658
2 548
2 328
2 631
2 26
1 686
1 757
1 782
2 969
1 683
2 354
1 348
2 767
1 348
2 783
1 553
2 107
1 942
2 658
1 316
2 458
1 683
1 752
2 943
2 678
2 443
2 408
1 234
2 903
2 903
1 752
2 255
2 22
1 757
2 615
1 316
2 439
2 548
2 443
2 631
1 761
2 987
2 107
1 778
2 812
1 516
1 28
1 778
2 523
1 814
2 439
1 28
1 680
1 877
2 116
1 516
1 489
2 87
1 241
2 987
2 812
1 894
2 678
1 942
1 877
1 20
2 862
1 935
2 615
1 814
1 311
2 704
2 133
1 943
2 255
1 761
2 288
2 548
1 91
2 8
2 133
2 50
1 943
1 234
2 378
2 704
2 862
1 290
2 732
2 50
2 123
1 780
2 750
1 692
2 929
2 67
1 252
1 238
2 751
2 314
2 812
1 684
1 729
2 192
1 442
1 566
2 933
2 582
1 385
2 927
2 818
1 941
2 643
2 763
2 864
2 907
1 867
2 656
2 168
1 743
2 101
2 270
2 745
1 422
2 823
2 86
1 516
1 183
1 78
2 898
2 806
1 248
2 274
1 51
1 836
1 645
2 329
1 6
1 949
2 220
2 488
1 700
1 882
1 637
2 499
1 210
1 610
1 997
2 342
1 180
2 306
2 733
2 874
2 441
1 247
2 485
1 74
2 110
1 405
1 648
2 727
2 616
1 866
2 440
2 261
2 722
2 952
1 791
2 35
1 188
2 751
2 40
2 887
1 379
2 345
2 495
1 693
2 245
1 417
2 308
2 849
1 856
2 784
2 963
1 207
2 366
2 231
2 883
1 742
1 958
2 245
1 379
2 952
2 812
2 643
2 933
2 485
1 836
1 241
2 763
2 441
1 20
1 743
1 866
1 51
2 306
2 806
1 247
2 727
1 648
2 864
1 652
2 656
1 385
2 823
1 405
2 87
1 729
1 210
2 329
2 927
2 366
2 784
2 168
2 733
1 867
2 270
1 637
1 566
1 183
1 207
2 220
2 86
1 290
1 417
2 929
1 74
1 442
2 110
1 742
2 274
2 874
2 883
2 499
1 180
2 192
1 311
2 963
1 693
2 308
1 489
2 523
1 700
2 231
1 680
2 35
2 887
1 362
2 307
2 440
2 582
1 949
2 495
1 362
2 40
1 6
2 750
2 345
2 488
2 616
1 516
2 818
2 307
2 898
1 248
1 692
2 101
2 544
2 745
1 684
1 896
1 896
2 803
1 974
2 552
1 252
1 2
2 552
1 780
2 261
1 817
1 78
2 849
1 856
2 803
2 67
1 238
1 188
2 544
2 957
1 91
2 907
1 997
2 8
2 60
1 573
2 314
1 116
2 767
1 974
1 776
2 767
1 776
2 81
1 195
1 935
2 722
2 324
1 733
1 116
2 324
1 958
2 721
1 882
2 732
1 733
2 60
2 484
1 963
2 81
1 651
1 2
2 703
2 721
1 230
1 403
1 422
2 408
2 378
2 703
2 54
1 573
1 195
1 963
2 484
1 669
1 941
2 735
1 403
1 669
1 18
2 565
1 651
1 856
2 342
2 985
2 985
1 791
2 83
1 29
1 607
1 82
1 382
2 219
1 607
2 408
2 219
2 487
2 329
2 735
1 742
1 382
2 83
2 696
2 957
2 247
2 737
2 329
1 296
2 737
1 817
1 117
1 86
1 197
1 313
2 663
1 477
2 446
1 962
1 368
2 352
1 290
1 878
2 178
2 730
2 715
1 599
2 353
2 493
1 151
2 435
2 260
1 509
2 191
2 396
1 620
2 646
2 45
2 621
2 145
2 24
2 21
2 591
1 927
2 329
2 469
1 991
2 902
1 40
2 97
2 82
2 366
2 374
1 477
1 94
1 464
1 966
2 56
2 470
2 464
1 42
1 82
2 663
1 927
2 178
2 24
2 646
2 353
1 966
2 847
2 493
2 247
2 329
1 509
2 487
1 29
1 151
1 856
2 446
2 591
2 45
2 696
1 290
1 368
2 621
2 464
2 260
2 469
1 313
1 878
2 97
2 145
2 908
2 346
1 886
1 962
2 54
1 645
2 56
1 161
2 470
2 902
2 374
1 943
1 737
2 346
2 908
1 610
1 239
1 991
1 40
2 843
2 63
1 605
2 840
1 482
1 310
2 743
2 512
1 342
1 404
2 500
2 360
1 435
1 737
1 886
1 620
1 94
2 63
2 843
1 161
1 943
1 645
2 360
2 847
1 117
1 645
1 239
2 435
1 435
1 816
1 605
2 730
1 404
1 816
2 585
2 619
2 637
1 465
1 482
1 230
1 465
2 191
2 762
2 743
1 464
2 619
2 565
1 846
1 165
2 512
1 42
1 210
1 86
2 21
2 762
1 342
2 366
2 426
2 840
2 997
2 585
1 59
2 191
1 917
2 50
1 371
2 93
2 426
1 651
1 846
1 651
2 352
2 500
2 652
1 122
1 943
2 591
2 141
1 982
2 992
1 908
2 914
1 348
1 373
1 719
2 918
1 396
2 298
1 481
2 983
2 269
1 331
1 441
1 811
1 316
1 385
2 917
2 93
2 992
1 982
1 599
1 197
2 396
2 997
1 348
1 331
1 385
1 441
2 637
2 918
1 481
1 18
2 191
1 917
1 316
1 371
2 983
1 210
2 868
2 868
1 396
1 742
1 310
2 914
1 59
1 622
1 373
1 122
1 389
2 917
1 859
1 459
1 274
1 875
2 619
2 276
1 45
1 99
1 284
1 736
2 67
2 404
2 576
2 471
2 480
1 771
2 360
2 202
1 653
1 404
2 896
1 829
2 450
2 465
1 42
2 970
1 112
1 649
2 119
1 445
2 830
1 475
2 822
1 970
1 509
1 839
2 653
2 822
1 811
1 771
1 45
2 998
2 715
2 276
2 360
2 736
1 165
2 736
1 970
2 471
1 980
2 652
2 141
1 659
1 112
1 649
1 611
1 475
2 931
2 119
1 389
2 896
2 653
1 659
1 445
2 82
2 298
2 830
2 591
1 611
2 50
1 875
1 943
1 421
1 340
2 269
1 859
1 42
1 622
2 747
1 908
1 552
2 998
1 459
1 552
2 619
1 980
1 323
1 653
2 931
2 626
2 306
2 799
1 274
2 465
2 306
2 202
2 480
1 99
1 284
1 829
2 404
1 719
1 340
2 70
2 568
2 67
2 108
1 509
1 389
2 603
1 139
1 736
1 389
1 139
2 790
2 107
2 930
2 742
1 296
1 323
2 742
2 930
1 404
2 970
1 629
1 832
2 835
2 835
1 834
1 834
2 450
2 162
1 832
2 603
2 790
2 107
1 839
1 375
1 629
2 947
1 563
2 268
2 620
2 619
1 697
2 799
1 421
2 620
1 572
2 747
2 268
2 619
2 70
2 783
2 576
2 336
2 423
2 783
2 941
2 336
1 697
1 934
2 698
1 47
2 131
2 877
1 258
1 39
1 665
2 156
2 409
1 56
1 280
2 953
2 3
1 837
2 302
1 245
2 590
2 482
2 522
2 417
1 668
1 658
1 162
2 716
1 259
2 952
2 760
2 353
1 128
1 165
1 944
2 583
1 77
2 304
1 783
2 497
1 612
2 673
2 89
1 529
1 203
1 535
2 497
1 944
1 604
1 128
1 77
2 304
2 3
2 953
2 583
2 952
1 375
1 245
2 698
1 665
2 877
1 837
2 673
1 56
2 357
2 626
2 511
2 131
1 39
1 117
1 612
1 203
2 357
2 941
2 162
1 535
2 423
2 511
1 62
1 760
1 658
2 89
2 947
2 353
1 604
1 62
2 91
2 156
2 760
2 522
2 590
2 91
1 162
2 111
1 783
2 501
2 409
2 723
2 417
2 775
2 698
1 668
2 108
1 165
1 879
2 12
1 642
1 642
1 47
2 716
1 592
2 898
1 786
2 57
2 12
2 568
1 592
1 922
2 724
2 253
2 723
2 659
2 147
1 378
2 37
1 287
1 758
1 561
2 274
1 975
2 489
1 813
2 460
2 564
1 460
1 664
1 138
1 328
2 592
2 885
2 401
1 957
2 643
2 872
2 142
1 699
1 813
2 872
1 572
2 57
1 198
1 117
2 643
1 258
1 664
2 401
2 302
2 898
2 724
2 274
1 922
2 938
2 147
1 758
2 564
2 938
1 879
1 280
2 489
2 393
2 885
1 975
2 37
1 563
1 561
2 253
1 892
2 530
2 592
2 482
2 142
1 259
1 938
1 460
2 501
1 328
1 529
2 698
1 892
1 915
2 161
2 659
1 915
1 760
2 16
2 393
1 881
1 934
2 619
1 138
2 619
2 530
2 111
2 180
2 538
2 538
1 190
1 319
1 746
2 436
1 200
1 699
1 912
1 287
1 891
2 878
1 599
2 775
1 382
2 478
1 891
2 460
1 599
1 198
1 200
1 746
2 31
2 489
1 957
2 910
1 101
1 242
2 408
2 877
1 275
2 979
2 347
1 313
1 619
1 978
2 214
2 594
1 111
2 691
2 67
1 682
2 604
1 75
2 582
2 858
1 75
1 190
1 201
2 691
2 594
1 619
1 257
2 274
1 900
2 347
2 16
1 313
1 275
1 682
2 274
1 319
1 912
1 637
2 878
2 582
2 478
2 604
2 979
1 183
1 839
1 378
1 978
2 115
1 938
1 786
1 874
1 242
2 489
1 243
2 757
2 757
2 877
2 214
1 257
1 243
1 484
1 881
1 818
2 180
1 183
2 491
1 809
1 229
2 123
1 131
1 291
2 30
1 364
1 73
1 383
2 627
1 558
2 366
1 20
1 635
1 193
1 511
1 72
2 483
1 128
1 421
1 563
2 584
2 968
2 460
2 809
2 732
2 707
1 537
2 196
1 660
1 674
2 11
1 135
1 223
2 104
2 945
1 72
1 364
1 111
1 223
1 320
1 558
1 674
1 101
1 874
1 900
2 366
1 291
2 491
1 193
2 123
2 161
1 201
1 537
2 115
2 707
2 858
2 196
1 135
1 635
1 382
2 408
1 563
2 627
2 809
2 483
1 383
1 633
1 818
2 945
2 842
2 450
1 511
2 509
1 484
1 633
1 320
1 637
2 203
1 229
2 460
1 200
1 839
2 732
1 826
2 11
1 128
2 842
2 31
2 584
1 559
2 910
1 421
1 559
1 942
1 813
2 84
1 616
1 146
1 602
1 432
1 593
2 475
1 609
2 713
2 63
1 690
1 982
1 55
1 461
1 51
1 754
2 528
2 257
2 48
2 99
1 33
2 144
1 818
1 25
1 284
1 462
1 451
2 835
1 980
1 275
1 766
1 265
1 312
1 283
2 217
2 105
2 218
2 413
2 569
1 121
1 280
1 986
2 628
2 3
2 791
2 330
2 215
1 69
2 963
2 970
2 651
2 551
1 168
2 78
1 275
1 609
1 980
2 84
2 651
1 283
2 450
1 818
2 104
1 451
1 690
1 73
2 203
1 204
2 75
2 822
2 755
2 77
2 478
1 910
1 51
2 791
2 144
2 99
2 78
1 986
1 200
1 20
2 755
1 660
1 766
1 121
1 857
2 105
2 77
1 461
2 67
2 566
1 143
1 984
1 783
1 333
1 67
2 778
2 49
2 732
1 99
2 323
2 8
1 425
2 28
1 412
1 228
1 338
1 492
1 549
1 69
1 351
2 755
2 45
1 7
1 68
1 15
1 154
2 99
2 576
1 984
2 732
2 323
1 351
2 45
1 25
2 63
1 813
1 33
1 432
2 778
2 569
1 143
2 30
1 492
1 861
1 204
2 478
1 549
2 822
2 628
1 425
2 49
1 15
1 154
1 857
1 783
2 551
1 7
2 217
1 312
2 968
2 413
1 826
2 509
2 215
2 715
1 472
1 910
2 330
1 68
2 755
1 131
1 280
2 713
1 55
2 970
2 218
2 715
1 982
1 754
2 3
2 436
2 257
1 168
2 475
2 28
1 412
2 528
1 861
2 48
1 847
1 847
2 892
1 753
1 228
1 333
1 813
1 338
2 8
2 892
1 602
1 809
2 963
1 543
1 210
2 773
1 616
2 835
1 462
2 773
2 896
2 769
2 554
1 614
1 472
2 75
1 813
1 614
1 174
1 265
1 102
2 769
2 248
1 284
2 708
2 708
2 463
1 210
2 896
2 576
2 177
2 442
2 463
1 891
1 174
2 566
1 273
1 518
1 593
2 99
2 355
1 891
2 355
1 834
2 745
2 278
2 687
1 468
1 753
1 67
1 543
1 142
1 273
1 344
2 177
2 650
1 518
1 834
2 992
2 905
1 344
2 650
2 448
2 537
2 628
1 456
1 638
1 404
2 745
1 999
2 242
2 554
1 146
1 390
1 88
2 537
1 942
2 341
2 242
2 628
2 341
1 404
2 278
1 179
2 448
2 905
2 248
2 364
2 364
1 88
1 142
2 976
1 494
1 494
1 390
1 833
1 56
1 61
2 423
1 468
2 423
1 899
1 56
1 455
1 999
1 833
1 891
1 941
1 899
2 67
1 61
2 148
1 660
2 67
2 148
2 71
1 465
2 687
1 271
2 489
1 941
2 476
2 476
2 71
2 602
1 455
1 893
1 598
1 638
1 905
1 917
1 456
1 102
1 319
2 976
2 807
1 319
1 465
1 905
2 603
2 602
2 541
2 468
1 864
1 660
1 20
1 891
1 893
2 541
1 807
2 780
2 992
2 442
1 99
2 603
1 710
2 345
1 40
1 846
1 684
1 598
1 2
1 514
1 807
1 990
1 990
1 680
1 514
2 280
1 917
1 710
1 252
1 846
1 44
2 259
1 271
2 259
2 780
1 402
2 411
2 967
2 741
2 649
1 660
2 951
1 921
1 846
2 588
1 872
1 680
2 490
2 448
1 82
1 271
2 88
1 645
2 96
2 419
2 584
2 877
2 888
2 221
2 994
2 240
2 524
2 108
2 25
2 667
1 815
1 782
1 667
1 87
2 301
1 756
2 73
1 446
1 364
2 463
1 624
2 293
2 587
1 561
2 502
2 659
2 236
1 236
2 791
2 934
2 927
2 230
1 140
2 47
1 737
1 573
2 408
2 966
2 830
1 540
2 814
1 769
1 154
1 388
1 377
1 87
1 846
2 489
2 877
2 463
2 587
2 293
1 756
1 20
2 588
2 524
1 44
2 330
1 154
1 540
2 47
1 40
2 419
1 2
2 967
1 872
2 280
2 994
2 807
2 73
2 814
2 741
2 330
2 448
1 782
2 659
2 221
2 888
1 921
1 402
1 573
2 96
1 388
1 737
2 927
2 108
1 236
1 769
2 660
1 364
2 490
1 595
2 584
1 684
2 345
2 88
1 847
1 179
2 408
2 411
2 830
2 484
1 252
2 240
2 693
2 791
2 468
1 271
1 815
2 934
2 649
1 645
1 847
1 624
1 761
2 413
1 561
2 376
2 502
2 230
2 236
2 23
1 446
2 951
1 377
1 83
1 82
2 660
2 25
2 475
1 595
2 667
1 761
2 462
1 891
1 117
2 484
1 462
2 9
2 173
2 475
2 693
2 427
1 667
1 444
2 712
2 966
2 427
1 891
2 413
1 198
1 900
2 9
1 198
1 660
2 737
2 826
1 864
2 951
1 24
1 117
2 826
1 289
1 140
2 78
1 217
2 23
2 737
1 24
1 217
2 678
1 289
2 678
2 301
1 606
1 463
2 876
2 232
2 376
2 876
1 480
1 585
1 900
2 462
1 501
1 520
2 951
2 410
1 83
2 392
2 410
2 173
2 232
2 599
2 392
2 651
1 261
1 261
1 606
2 251
1 965
2 646
2 599
1 480
2 519
1 384
1 585
2 845
2 845
1 965
2 519
1 809
1 384
1 444
1 75
2 251
1 660
2 688
2 546
1 501
2 78
1 463
2 177
2 818
1 262
1 462
1 520
2 177
1 75
1 809
2 646
2 688
2 673
1 634
2 102
2 67
2 915
2 818
2 915
1 769
1 412
2 464
2 684
1 436
1 427
2 684
2 673
1 634
1 531
1 412
2 712
2 772
2 716
2 334
1 260
1 527
2 173
1 423
1 531
1 527
1 57
1 898
2 944
2 265
1 660
1 423
1 436
2 334
2 144
2 173
2 157
2 716
1 262
2 102
1 926
1 769
1 818
1 921
1 57
2 144
1 332
2 157
2 265
1 926
2 122
2 464
2 651
1 332
2 654
2 944
2 355
2 606
1 921
2 772
1 427
1 475
2 520
2 520
2 654
2 925
2 538
2 916
2 765
2 606
2 839
2 329
2 63
1 475
2 48
2 546
1 658
2 839
2 48
2 67
1 467
1 467
2 783
2 63
2 768
1 874
1 658
2 538
1 842
2 891
2 715
1 362
1 60
2 179
1 864
2 382
1 651
2 219
1 609
2 201
1 562
1 194
1 874
1 685
1 478
1 187
1 8
1 694
1 514
1 193
1 722
2 964
2 804
1 143
2 304
1 413
2 435
2 896
1 365
1 291
2 824
1 264
1 568
2 12
2 508
2 119
2 22
1 21
1 914
1 115
2 202
2 448
1 74
2 871
1 405
1 553
2 131
1 130
2 422
2 51
1 866
1 543
1 198
2 197
2 504
2 261
2 772
2 664
1 350
2 398
1 48
1 672
1 278
1 369
1 744
2 572
2 763
1 770
1 975
2 198
1 152
1 585
1 763
2 772
1 896
2 824
1 932
1 264
1 562
2 198
1 932
2 179
1 413
1 8
2 131
2 916
1 198
2 765
1 722
1 975
2 891
2 896
2 422
2 398
1 260
2 51
2 871
1 898
2 12
1 568
1 152
1 866
1 609
2 355
1 48
2 964
1 291
2 763
1 914
1 672
1 74
1 694
1 193
2 382
1 115
1 350
1 365
2 942
1 514
1 553
2 219
2 329
1 651
1 585
2 200
2 200
2 435
1 130
2 119
2 664
1 896
1 20
1 763
1 362
1 187
2 122
2 42
2 448
2 197
2 708
1 405
1 842
1 818
2 804
1 786
2 22
2 508
1 685
2 261
1 478
2 925
2 202
2 572
1 331
1 369
1 20
1 278
2 590
2 715
2 373
1 744
2 768
1 887
2 942
1 194
1 887
2 42
1 599
2 304
2 133
1 770
1 599
1 331
1 596
1 715
1 143
1 223
2 201
1 223
1 846
1 543
1 864
2 696
1 786
1 596
1 321
1 893
1 893
1 21
1 997
2 52
1 997
2 696
2 783
1 664
2 133
2 561
2 935
1 189
2 362
2 314
1 321
2 40
1 949
2 373
2 322
1 798
2 631
1 390
1 816
1 980
2 935
1 539
2 52
1 467
2 163
1 229
2 382
1 559
1 58
2 685
2 184
1 606
1 863
1 231
1 477
2 126
2 52
1 64
1 78
1 422
1 570
2 319
2 687
2 812
1 909
2 421
1 167
1 619
1 923
1 913
2 685
2 402
2 820
2 832
2 937
2 971
1 367
2 440
1 762
1 141
2 667
2 839
2 479
2 954
2 272
1 804
1 784
2 709
1 229
2 820
1 422
2 832
2 709
1 882
2 862
2 703
2 52
1 467
1 846
1 477
1 141
1 192
2 493
2 362
2 319
1 606
2 687
2 382
2 322
1 539
2 667
1 189
1 889
1 78
1 909
2 493
1 804
1 390
2 126
2 703
2 971
2 272
1 784
1 570
1 715
2 440
2 839
2 937
2 658
1 913
1 949
2 479
2 504
1 863
1 798
2 561
2 636
1 882
2 812
1 60
1 167
1 58
1 980
2 658
2 184
1 619
2 421
1 664
1 64
1 559
1 923
2 954
1 762
2 708
2 40
1 192
1 306
1 889
2 704
1 306
2 357
1 810
2 985
2 478
1 113
1 816
1 810
2 590
1 618
2 163
2 722
1 697
2 904
1 342
1 249
1 431
2 931
2 676
1 730
1 813
1 539
2 843
1 10
2 459
1 28
1 227
2 574
2 457
2 165
1 778
1 790
2 18
2 683
2 113
1 134
1 23
1 490
1 789
2 2
2 593
2 902
1 766
1 36
1 425
2 57
1 918
2 134
2 540
2 710
1 534
2 762
2 772
2 623
2 916
1 537
2 188
1 618
1 36
2 636
2 843
2 623
1 28
2 902
2 533
2 57
1 697
2 676
1 23
2 2
1 113
1 231
2 772
2 533
2 357
1 98
2 843
2 574
2 314
1 766
2 862
1 134
2 732
2 916
1 534
2 165
2 710
2 459
1 918
1 425
1 796
1 249
2 457
1 796
1 778
1 539
1 135
2 985
2 762
2 113
1 367
2 226
2 931
1 342
1 135
2 722
2 188
2 787
1 790
1 789
2 448
2 631
1 366
2 17
1 490
1 537
2 391
2 732
2 593
1 10
2 402
2 787
1 980
2 704
1 431
2 843
1 771
1 98
1 813
2 226
2 595
1 380
1 771
2 134
2 504
1 394
1 366
2 540
2 683
1 446
1 446
2 199
2 391
2 199
2 478
1 730
2 172
2 504
2 146
2 17
2 996
1 394
1 175
2 23
2 367
1 929
1 343
2 86
2 517
2 212
2 11
1 227
1 380
1 175
2 18
2 23
1 546
2 86
1 617
2 595
1 696
1 554
1 712
2 489
1 343
2 212
1 795
1 617
1 531
1 866
1 546
1 42
1 866
2 517
2 514
1 59
2 818
1 696
2 172
1 42
2 489
2 996
2 212
1 795
2 212
2 880
2 642
1 936
2 673
2 448
2 340
2 930
1 986
2 642
1 445
1 121
1 730
2 703
2 880
2 843
2 575
1 109
2 843
2 188
2 475
2 904
1 450
1 730
2 818
1 725
1 763
2 188
2 11
1 554
2 475
2 367
1 174
1 59
1 991
1 725
1 966
1 445
1 330
1 450
2 562
1 986
2 575
1 531
2 930
1 763
2 416
2 171
1 174
2 673
2 940
1 415
1 706
2 514
1 420
1 980
1 109
1 936
2 562
2 314
2 416
1 706
1 330
2 174
2 262
1 966
1 253
1 929
1 121
1 786
2 703
2 645
1 860
1 63
1 860
2 928
1 362
1 253
2 174
1 839
1 63
2 242
2 271
2 839
1 991
1 848
1 179
1 269
2 271
2 645
1 848
1 46
1 786
1 839
2 372
2 868
2 770
1 638
2 340
1 638
2 171
2 936
2 146
2 770
2 108
2 262
1 179
1 362
2 147
1 415
2 147
1 59
2 19
2 802
1 420
2 868
2 108
2 31
2 389
2 394
2 351
1 62
2 201
2 589
2 695
1 605
1 328
2 575
1 845
1 798
1 243
2 749
2 715
1 565
1 874
1 262
1 305
2 227
2 992
1 805
2 568
2 118
2 750
1 565
1 59
2 715
2 351
1 971
1 805
2 695
2 839
2 314
2 589
2 118
1 971
1 46
1 305
1 845
2 992
1 622
1 328
2 242
2 125
1 297
1 874
1 128
2 575
2 372
1 798
2 936
1 297
1 262
2 1000
2 928
1 982
2 19
2 125
2 799
2 668
2 940
1 361
2 922
2 748
2 351
2 665
1 656
1 592
1 548
1 448
2 328
2 786
2 697
2 926
2 320
2 65
1 449
1 721
2 557
2 295
1 403
2 957
1 967
1 846
1 123
1 977
2 778
1 488
1 318
2 703
1 896
1 913
2 569
1 539
2 611
1 54
1 534
1 739
1 330
2 346
1 841
1 514
1 872
1 277
2 454
2 131
2 349
1 232
1 167
1 686
2 210
2 923
1 632
2 337
1 844
2 475
2 366
1 677
2 238
2 397
2 102
1 385
1 504
2 515
2 273
1 114
1 819
1 655
2 309
2 512
2 900
1 796
1 80
1 24
2 906
2 336
1 879
2 937
1 33
1 233
1 78
2 460
1 803
1 634
1 731
1 518
1 662
2 264
2 982
1 358
2 962
1 1000
2 436
1 189
1 972
2 384
1 550
2 313
2 672
2 248
1 486
1 545
1 754
1 668
2 752
2 503
1 391
1 592
2 133
1 27
1 561
1 20
1 989
1 258
2 227
2 182
2 132
2 26
2 32
1 557
1 158
1 851
1 723
2 555
1 400
2 102
1 391
2 336
1 846
2 475
1 80
1 545
1 385
1 982
1 167
2 210
2 384
1 33
2 436
2 337
2 32
2 182
1 24
1 518
2 238
1 1000
1 258
1 879
2 389
1 896
1 989
1 318
1 967
1 739
1 27
2 752
1 632
2 778
1 550
2 923
2 568
2 512
2 749
1 539
1 723
2 672
1 819
2 937
1 158
1 548
1 488
1 721
1 62
2 133
2 697
1 534
2 248
1 972
1 872
1 20
2 900
2 957
2 906
1 851
2 397
1 668
1 634
2 799
2 555
1 232
1 361
1 913
2 786
2 750
2 386
1 504
1 514
1 754
1 128
1 54
2 351
2 557
2 665
1 790
2 26
1 731
1 977
2 201
1 330
1 841
2 65
1 403
2 394
1 269
2 982
2 454
1 790
1 243
2 611
2 132
2 962
1 78
1 448
1 449
1 233
2 460
2 703
2 309
2 515
1 172
1 656
2 668
1 844
2 928
2 313
2 328
2 346
2 264
2 386
2 31
1 561
1 605
2 366
1 486
2 713
2 569
1 662
1 796
2 748
1 677
1 358
2 321
1 803
2 503
1 643
2 773
2 448
1 189
2 448
1 795
1 205
2 349
2 321
1 32
1 172
1 622
2 342
2 926
1 395
1 241
1 32
2 997
2 713
1 205
1 655
1 400
1 557
2 773
1 322
2 802
1 114
2 131
1 795
1 322
1 767
1 123
2 950
1 277
2 804
2 320
1 241
2 924
2 471
2 273
2 346
1 254
1 767
1 712
2 922
2 997
2 471
1 966
2 914
1 799
1 799
2 346
1 643
1 966
2 230
2 42
1 887
1 667
2 517
1 686
1 667
1 441
2 289
2 342
1 395
2 914
1 298
2 928
1 298
2 225
2 924
1 419
1 833
1 887
1 823
1 301
1 821
2 804
1 254
2 950
1 839
2 761
1 963
2 289
1 441
2 42
1 992
2 838
1 445
2 230
2 219
2 546
1 445
2 761
1 839
2 546
1 419
1 821
2 48
1 544
2 491
1 783
2 139
2 295
2 785
2 139
2 219
1 544
1 446
2 337
1 833
2 911
2 911
1 783
2 225
1 992
1 239
2 821
1 400
2 838
1 765
1 994
2 482
2 517
2 482
2 169
1 301
1 328
1 466
1 963
1 33
1 239
2 724
2 361
2 758
2 361
1 400
1 955
1 75
1 328
2 114
2 758
2 114
2 337
2 695
2 80
2 169
1 761
2 763
1 446
1 363
2 695
2 267
1 412
2 828
2 565
2 763
1 466
2 267
1 765
1 823
2 724
1 33
1 994
1 761
2 110
2 542
1 955
1 412
2 110
2 828
1 588
2 799
1 13
1 872
2 908
1 588
1 489
1 986
1 667
2 64
2 518
1 386
2 194
2 373
1 863
2 100
2 128
1 489
2 982
2 487
1 578
2 299
1 644
1 204
1 643
2 710
2 829
2 493
2 578
1 48
1 475
1 5
2 405
1 503
1 367
1 139
2 342
2 313
1 940
1 878
2 539
1 908
1 952
1 477
1 751
2 63
1 421
2 729
2 76
1 475
2 100
2 313
2 539
1 75
2 405
2 384
2 493
2 373
1 513
1 751
1 477
1 15
1 679
1 318
1 863
1 952
1 495
1 513
2 48
1 386
2 578
1 679
2 542
2 729
2 821
2 220
1 13
1 367
2 518
1 986
1 667
2 128
1 421
1 503
1 318
1 15
1 940
1 495
2 785
2 180
1 884
1 191
2 799
1 643
2 342
2 908
2 491
2 565
2 265
2 220
1 680
1 878
1 884
1 578
2 769
1 680
2 384
1 204
2 710
2 829
2 63
1 527
2 101
1 363
1 644
2 190
2 80
2 770
2 793
2 64
1 527
1 112
1 29
2 890
2 982
2 8
1 191
2 769
2 487
2 770
1 42
1 810
1 113
2 265
2 288
2 76
2 897
2 840
1 25
2 890
2 483
1 615
1 615
2 483
1 949
1 113
2 840
1 112
1 891
2 190
2 101
2 523
1 810
1 881
1 139
2 897
1 293
1 29
2 793
1 42
2 437
1 891
1 790
1 518
1 383
2 765
2 470
2 815
1 822
2 660
1 964
1 423
1 586
1 764
2 656
1 661
1 576
2 115
2 212
1 796
1 352
2 391
1 587
2 288
1 383
1 822
1 185
1 796
1 881
1 802
1 964
2 815
1 949
1 908
2 115
2 1
1 518
1 293
1 185
2 115
2 194
2 8
1 764
1 872
2 437
1 25
1 881
2 333
1 380
2 656
1 576
1 423
1 48
2 481
1 569
1 790
2 333
1 661
1 802
1 586
2 523
2 63
2 593
1 421
1 421
1 285
2 945
2 891
2 470
2 212
1 5
2 61
1 285
2 891
2 960
2 591
2 658
2 115
1 380
1 181
2 324
1 49
2 960
2 765
2 591
2 391
1 231
1 787
2 593
2 658
2 945
1 323
1 181
2 507
1 787
1 881
1 49
1 432
2 61
2 324
1 323
1 279
2 507
2 689
2 739
2 217
2 190
1 279
1 856
2 217
2 485
1 715
2 485
2 855
2 739
2 35
1 231
1 986
1 430
1 715
2 299
1 856
2 35
2 481
1 352
2 845
2 281
2 689
2 63
1 231
2 494
1 698
2 900
1 986
2 368
1 698
2 190
2 366
2 783
2 660
2 180
2 1
2 900
1 552
2 971
1 154
2 337
1 229
2 465
1 430
2 465
2 43
2 971
1 587
2 494
1 379
2 368
2 774
1 975
2 783
2 385
2 221
2 219
2 585
2 855
2 585
1 432
1 51
2 350
1 882
1 231
1 991
2 844
1 154
2 350
1 552
1 664
1 975
1 270
1 68
1 882
2 385
1 588
2 281
1 664
1 51
1 229
1 991
2 844
2 316
2 845
1 659
1 580
2 221
1 656
1 913
1 226
1 830
1 270
2 43
2 219
1 102
1 569
1 379
2 925
2 316
2 925
2 55
1 430
2 697
1 580
2 337
2 718
2 347
2 774
1 394
1 50
1 588
1 219
2 841
2 220
1 507
2 400
2 366
1 50
1 656
1 507
2 465
1 763
1 9
1 913
2 841
2 400
2 55
2 188
2 118
1 131
2 220
1 492
1 830
1 546
1 68
1 214
2 118
1 546
1 850
2 366
2 697
1 368
2 467
2 465
2 188
1 394
1 844
1 492
1 102
2 131
1 850
1 661
1 468
1 378
2 796
1 725
2 366
1 9
2 205
1 226
1 844
1 468
1 651
1 368
1 131
1 378
1 661
1 725
1 27
1 769
1 763
1 267
1 27
2 372
1 267
2 347
1 353
2 51
2 651
2 211
1 364
1 187
1 396
2 651
1 659
2 372
1 515
2 131
2 796
2 896
2 211
2 51
1 515
1 353
1 651
1 12
1 217
2 101
1 591
1 214
2 562
1 593
1 769
1 312
1 217
2 205
2 188
1 364
1 430
1 591
2 95
2 562
2 896
1 396
1 593
2 21
1 219
2 101
2 718
2 154
2 154
2 126
2 256
2 780
2 851
2 281
2 21
1 12
1 470
1 45
2 467
2 75
2 554
2 95
1 470
2 157
2 256
1 232
1 45
2 741
2 899
2 846
1 458
2 126
1 312
2 281
2 75
2 851
2 448
1 8
1 268
2 188
1 405
2 997
2 355
1 231
2 554
2 200
2 741
2 355
1 231
2 381
2 899
2 200
1 59
2 846
1 405
1 840
2 450
1 458
2 997
1 445
1 232
1 268
2 450
2 75
1 133
1 187
2 75
1 1
2 448
1 561
1 628
1 147
1 470
2 255
1 147
2 780
2 381
1 319
1 572
1 911
1 840
1 247
1 107
2 608
2 157
1 589
1 250
1 909
1 909
1 247
1 319
1 59
1 975
1 628
1 561
1 256
1 250
1 828
2 86
2 337
1 165
1 445
1 165
1 637
1 8
1 256
2 987
2 709
1 570
2 74
1 572
1 485
2 216
1 589
1 975
1 637
2 216
1 27
1 219
2 326
2 718
2 987
2 326
2 792
1 107
1 880
1 913
1 849
2 762
2 991
1 132
2 412
2 962
1 914
2 556
1 262
1 776
1 311
2 410
1 135
2 701
2 487
2 153
2 325
1 447
1 183
2 102
2 769
1 715
2 589
2 572
1 961
2 585
2 838
2 205
1 612
2 741
1 319
2 438
2 800
1 848
1 871
2 628
1 332
1 180
1 230
1 476
1 490
2 331
2 34
2 252
1 569
2 611
1 453
1 744
1 959
2 590
2 298
1 612
1 332
2 762
1 871
2 86
1 848
2 438
1 476
2 741
1 744
1 828
2 255
1 961
1 447
2 611
2 487
2 34
2 590
2 769
2 718
2 252
2 628
2 116
1 180
1 371
1 614
2 923
2 399
1 179
1 635
1 714
1 267
1 529
1 136
1 422
1 937
1 771
2 122
2 212
1 10
2 921
2 659
2 372
1 729
1 514
1 901
1 246
2 346
2 204
1 940
2 978
2 298
2 732
2 631
2 822
1 55
1 271
1 90
1 156
1 326
1 849
1 529
2 74
2 659
1 470
1 135
2 212
2 838
1 901
1 614
1 249
1 453
1 183
2 337
1 570
2 556
1 371
1 880
2 962
1 776
2 410
2 331
2 325
2 153
2 822
2 701
1 954
1 246
1 913
1 179
2 204
1 133
1 569
1 954
1 715
1 267
1 422
1 514
2 116
1 937
2 412
1 136
2 399
1 132
2 923
2 506
1 570
1 30
2 70
1 339
2 224
1 793
1 748
2 42
2 27
1 343
2 565
2 209
2 608
2 631
1 156
1 635
2 122
2 585
2 224
1 934
1 490
1 771
1 594
1 339
1 30
1 230
1 326
2 70
1 319
1 817
1 44
2 166
1 262
2 792
2 506
2 565
1 10
1 914
1 911
2 27
2 572
1 485
1 940
1 959
1 793
1 90
1 748
2 42
2 709
1 271
2 166
1 405
1 729
2 732
1 487
1 680
1 817
2 921
1 495
1 680
1 594
1 368
2 800
2 589
1 414
1 512
1 389
2 527
2 36
2 582
2 775
1 780
2 898
1 731
2 501
2 928
1 62
2 548
2 32
2 180
2 252
2 616
1 429
2 793
2 435
2 217
2 472
1 864
2 34
2 429
2 29
1 367
1 158
2 757
1 915
1 956
1 153
2 411
1 306
1 487
1 899
1 369
2 318
1 676
1 834
2 291
2 272
1 43
1 170
1 955
2 22
2 253
2 501
2 471
1 405
2 102
2 757
1 495
1 343
1 249
2 978
1 367
1 369
1 170
1 44
2 429
2 205
2 898
2 775
2 471
2 411
1 676
1 311
2 548
2 34
2 527
2 472
2 991
1 915
1 219
1 102
1 368
1 512
1 809
1 227
2 136
2 408
2 823
1 895
2 78
1 603
2 451
1 141
1 871
1 525
2 114
2 348
2 346
1 249
1 757
2 202
1 372
1 955
2 950
1 348
2 779
1 768
2 818
2 195
2 580
1 836
2 248
1 639
1 276
2 418
2 171
1 985
2 865
2 238
1 910
1 43
1 809
2 616
1 55
2 865
1 158
1 62
1 780
1 27
2 372
1 757
2 982
2 238
1 834
2 252
2 779
2 950
1 985
1 934
2 253
2 271
1 864
2 823
2 248
1 768
1 871
1 414
2 877
1 306
2 928
2 348
2 29
2 451
2 318
2 580
2 877
1 429
2 408
2 418
1 899
2 170
1 836
1 895
1 153
2 180
1 731
1 603
2 114
2 818
2 761
1 226
1 714
1 956
2 32
1 249
2 469
1 140
2 291
2 469
2 78
1 372
2 505
1 12
2 46
2 137
1 256
2 427
1 939
2 693
1 293
1 185
1 250
2 697
2 304
1 447
1 625
2 18
1 770
2 952
1 143
1 141
2 930
2 103
2 997
2 481
1 861
2 271
2 545
1 69
2 225
2 840
1 232
2 61
1 911
1 415
1 932
2 279
2 821
1 491
2 585
2 871
1 317
1 482
1 701
1 482
1 625
1 232
2 793
2 272
2 952
2 103
1 911
1 525
1 317
1 563
2 62
2 505
2 61
1 910
2 209
2 582
2 36
2 761
1 447
2 585
2 304
1 701
1 389
2 982
1 378
2 698
2 225
1 140
1 639
2 693
2 435
1 293
2 62
1 415
2 545
1 861
1 451
1 226
1 12
1 144
1 276
2 481
1 348
2 698
1 513
1 563
1 69
1 570
2 195
2 170
2 454
1 939
1 144
2 821
2 432
1 311
1 119
1 560
1 192
1 593
2 345
2 29
1 109
2 144
1 494
2 659
2 588
1 756
1 419
1 223
1 424
2 233
2 861
2 18
1 756
1 513
2 171
1 143
1 491
1 311
1 102
2 202
2 747
2 878
2 455
1 54
2 309
2 823
2 714
1 277
1 667
1 346
1 98
1 151
1 276
1 742
2 568
1 681
1 329
1 124
1 504
1 119
2 427
1 932
2 455
2 22
2 345
2 217
2 144
1 223
1 742
1 151
2 361
1 609
1 576
1 463
1 418
2 103
2 125
2 633
1 144
1 698
2 461
1 67
2 46
1 250
1 770
1 418
1 124
1 144
2 432
2 930
1 424
1 681
2 823
1 762
2 349
1 504
1 762
2 361
2 307
2 659
2 233
2 878
1 451
1 494
2 997
1 54
1 667
2 125
2 307
1 698
1 185
2 559
2 454
1 457
2 588
2 8
1 473
1 762
2 103
1 227
2 714
1 277
1 192
2 559
1 747
2 945
2 310
1 576
2 871
1 419
1 762
2 146
1 473
1 609
1 216
2 137
2 861
2 310
2 840
2 697
2 747
1 609
2 461
2 8
2 596
2 146
2 136
1 346
2 997
1 256
2 384
2 475
2 109
1 593
1 148
2 384
1 276
1 463
2 109
1 67
2 997
1 216
1 702
2 279
1 329
1 378
1 560
2 475
1 65
1 457
2 633
2 865
2 237
2 613
1 65
1 954
1 322
1 747
1 609
2 613
1 322
1 148
1 906
1 98
1 894
1 724
2 773
1 954
1 724
1 702
1 492
1 75
2 837
2 29
1 894
1 6
1 160
2 119
2 464
2 568
1 946
2 119
2 179
1 75
1 597
1 6
1 492
1 653
1 946
2 945
1 381
2 683
1 109
2 41
2 237
1 871
2 596
2 41
1 381
1 906
2 993
2 912
1 871
1 597
2 309
1 481
1 653
1 481
2 934
1 918
1 487
1 487
2 693
2 993
1 214
1 250
1 348
1 990
2 239
2 468
2 179
1 639
1 205
1 348
1 639
2 351
1 250
2 349
2 464
1 160
2 876
2 365
1 373
1 552
1 238
1 95
2 19
2 265
1 978
2 551
1 738
2 912
1 552
1 738
1 990
2 365
1 238
2 551
2 934
2 351
1 137
2 19
1 214
2 773
2 138
2 311
1 205
2 865
2 311
1 978
1 24
2 591
2 138
1 373
1 350
1 350
2 239
1 888
1 514
1 95
1 529
1 57
2 597
1 561
1 499
2 714
1 254
1 503
2 698
1 683
1 637
1 544
1 83
1 178
2 286
2 712
2 521
1 57
1 490
2 683
1 707
2 375
2 737
2 294
2 289
2 519
2 727
1 358
2 751
1 234
2 145
2 283
1 527
2 347
2 499
1 509
2 354
1 596
1 164
2 187
2 624
2 437
2 470
2 960
1 162
1 614
1 786
1 493
2 989
2 519
2 727
1 514
1 558
2 289
1 637
1 596
1 162
2 693
1 83
2 843
2 876
2 320
2 265
2 468
2 737
2 294
2 354
1 558
2 843
1 509
1 234
1 164
2 712
2 521
1 614
1 137
2 573
1 918
2 714
2 499
1 707
2 573
2 989
1 853
1 358
1 503
1 490
2 347
2 470
2 375
2 960
2 286
2 292
1 178
1 527
2 146
1 853
1 544
2 145
1 658
1 91
2 698
2 292
1 254
1 568
1 493
1 4
1 499
1 683
1 24
1 599
2 882
1 590
1 577
2 364
1 484
1 529
1 245
1 568
2 364
2 146
2 751
2 960
2 187
1 888
1 786
1 599
1 4
2 794
1 372
2 794
1 590
1 245
2 764
1 658
2 306
2 159
2 837
2 960
2 205
1 292
2 951
1 90
2 764
2 283
1 234
1 91
1 63
2 677
1 988
2 775
2 739
1 28
2 93
2 372
2 183
1 283
2 353
1 217
1 938
1 744
2 205
2 353
1 28
1 740
2 951
1 376
2 882
1 63
1 292
1 372
2 595
2 595
1 577
1 376
2 436
2 159
2 437
1 286
1 484
2 597
1 988
2 591
2 93
1 217
2 183
1 127
1 808
2 624
2 436
1 283
1 286
1 441
2 934
2 775
2 218
1 441
2 372
2 506
1 744
1 302
2 934
2 688
1 740
2 506
1 808
2 931
1 782
1 127
1 381
2 677
1 61
1 561
2 485
1 521
2 714
1 638
1 302
1 782
1 90
1 61
1 65
1 638
1 381
2 39
2 389
2 39
1 530
2 688
1 657
1 65
2 320
1 387
2 485
2 218
2 81
1 938
2 836
2 654
2 159
2 836
1 212
1 657
2 159
2 714
1 234
2 24
2 395
1 408
2 998
1 846
1 255
1 159
2 721
1 207
1 862
1 812
2 563
2 604
2 469
1 635
2 985
1 145
1 107
1 687
1 832
1 124
1 464
2 929
1 189
1 618
1 980
2 643
2 689
2 512
2 714
2 69
1 997
2 940
1 539
2 824
2 991
1 102
1 999
1 658
2 234
2 193
2 594
1 827
1 286
2 90
1 81
1 125
2 588
2 353
1 153
2 277
1 915
1 161
2 442
1 411
1 881
2 803
1 183
2 367
1 470
1 117
2 42
2 559
2 985
1 881
1 635
2 469
2 563
1 932
2 198
2 81
2 940
1 161
1 832
1 999
1 102
1 145
2 367
1 464
1 212
2 193
1 980
1 687
2 803
2 42
2 24
1 286
1 601
2 512
2 306
2 559
1 658
2 604
1 117
2 496
1 411
2 689
1 387
1 521
2 714
1 748
2 442
2 389
1 827
1 125
1 618
1 601
2 353
1 255
2 353
2 478
2 234
2 594
2 929
2 654
2 496
1 862
2 277
2 155
1 915
2 721
1 153
1 997
1 132
1 132
1 932
2 375
2 198
1 539
1 107
1 429
2 998
2 588
2 643
1 124
1 429
2 304
2 304
2 90
2 353
1 846
2 155
2 931
1 81
2 824
2 991
1 622
2 739
1 748
1 812
1 470
2 375
1 530
2 478
2 307
2 904
1 81
1 75
1 81
1 207
1 622
1 408
1 845
1 203
1 75
2 395
1 539
2 648
1 957
2 731
1 486
2 904
2 731
2 948
2 5
1 563
2 619
1 776
2 552
1 740
2 948
1 203
1 189
1 740
1 760
2 619
1 776
2 5
1 664
1 356
2 8
1 125
1 816
1 116
2 790
2 21
1 397
1 565
1 40
1 586
2 561
2 907
1 523
1 661
1 896
1 44
1 312
1 201
1 883
1 859
1 437
2 776
1 652
1 728
2 460
1 277
2 994
1 607
2 425
2 624
1 665
2 931
2 967
2 97
1 919
1 3
2 942
2 44
2 149
2 26
1 779
2 861
2 225
1 98
2 28
2 996
2 706
2 616
2 792
2 652
2 49
1 414
2 203
1 9
2 366
1 516
1 874
1 824
2 328
2 976
1 484
2 358
2 573
2 774
1 962
1 556
1 345
1 178
2 140
1 917
2 663
2 252
1 106
1 962
2 810
2 661
1 863
1 116
2 28
1 919
1 896
1 556
2 790
2 774
2 26
2 203
2 907
1 760
2 252
1 516
1 728
1 523
2 931
1 586
2 706
1 874
1 178
2 149
2 44
1 917
1 824
2 561
1 486
2 307
2 996
1 3
1 484
1 744
2 573
2 616
1 539
1 277
2 225
1 565
2 994
1 437
1 845
1 9
2 648
1 883
2 358
2 49
1 859
1 661
2 366
1 159
1 860
1 201
1 345
2 661
2 652
2 624
2 69
1 652
1 664
1 106
2 97
2 967
2 663
2 792
2 21
2 140
1 356
2 942
2 425
2 460
1 414
1 860
1 222
1 44
2 19
1 957
1 615
2 178
1 864
2 19
1 98
1 556
2 328
1 40
1 155
1 864
1 769
2 178
1 155
1 744
1 615
1 665
2 552
1 863
1 222
2 132
1 583
2 921
2 818
2 947
2 947
2 53
2 776
1 312
1 556
2 890
2 398
1 397
2 503
1 816
2 503
1 607
2 53
2 8
1 563
2 681
1 235
2 398
2 73
1 303
2 132
1 19
2 810
2 553
1 235
2 890
1 125
2 818
1 19
1 881
2 154
2 154
1 709
1 583
2 500
2 365
1 327
2 681
1 183
2 861
1 246
1 779
1 192
1 951
2 252
2 966
1 68
1 867
2 630
2 705
2 996
2 943
2 548
2 553
2 476
2 937
2 654
1 40
2 803
1 741
1 981
2 63
2 51
1 792
2 784
2 820
2 35
2 516
1 462
1 961
2 722
1 152
2 287
2 162
1 468
1 124
2 83
1 964
2 405
2 402
1 416
2 567
2 326
2 810
1 287
2 280
2 410
2 199
1 879
1 822
1 863
2 378
2 661
1 30
2 315
1 547
2 399
2 453
2 790
1 41
1 591
1 927
1 488
1 29
2 48
2 57
1 558
2 831
2 734
2 86
1 453
1 117
1 131
2 547
2 292
1 493
1 983
2 232
1 35
1 762
2 633
1 822
1 981
2 378
2 63
2 943
2 252
2 547
2 326
2 476
2 630
1 124
2 35
2 966
1 792
2 399
1 303
2 287
2 661
1 881
2 51
2 937
2 804
2 453
1 951
1 287
2 410
1 131
1 488
2 567
2 232
2 315
2 73
1 41
1 68
1 762
2 57
1 40
2 654
1 867
1 879
2 548
1 964
1 983
1 462
1 152
2 500
2 83
1 29
2 705
1 709
1 558
1 547
2 86
2 790
1 101
2 633
2 921
2 722
1 416
1 192
1 246
2 365
2 784
2 803
1 741
1 591
2 405
1 961
1 156
1 927
1 117
1 572
2 280
2 820
1 101
2 199
2 976
1 329
1 468
2 618
2 804
2 74
2 569
1 750
1 793
2 720
2 259
2 632
2 712
2 37
1 233
1 180
2 836
1 477
2 4
2 432
2 423
2 164
1 210
1 903
1 340
1 422
1 175
2 13
2 528
2 482
2 176
2 703
1 928
2 870
1 607
2 860
2 731
1 103
1 675
2 946
2 666
2 209
2 726
2 892
1 796
2 889
2 889
1 572
2 423
2 74
1 35
2 666
2 4
2 455
2 946
1 903
1 675
2 734
2 259
2 162
1 957
2 810
2 164
1 108
1 210
1 928
1 30
2 720
1 103
2 731
2 600
2 870
1 453
2 13
1 493
1 327
2 402
1 175
1 957
1 699
2 292
2 524
2 831
2 455
1 607
2 836
1 108
1 233
1 699
2 712
1 750
2 538
2 209
1 180
2 37
1 863
2 750
2 516
2 145
1 340
1 156
2 892
2 632
1 769
1 796
2 176
2 872
2 920
2 528
1 389
2 291
1 127
1 629
1 500
2 567
1 743
1 291
1 893
2 917
1 558
2 373
1 544
2 85
2 497
2 600
1 477
1 793
1 291
2 750
2 618
2 291
2 661
2 413
2 962
1 294
2 921
1 502
2 550
2 8
2 797
2 536
1 214
1 249
2 793
2 811
2 356
1 504
1 172
2 601
2 763
2 902
2 878
2 840
1 830
1 992
1 841
2 678
2 751
2 212
1 516
2 113
1 776
1 125
2 525
2 907
1 733
1 649
1 30
1 112
1 146
2 969
1 609
1 980
2 349
2 467
2 965
2 421
1 980
2 171
1 876
1 172
1 504
2 917
2 965
1 125
2 538
2 902
2 661
1 776
2 421
2 569
2 567
1 558
1 500
1 795
2 797
2 920
2 373
1 249
2 482
2 550
2 969
2 524
2 996
1 294
2 349
2 48
1 127
2 536
2 878
2 726
2 921
1 580
1 544
1 893
2 793
2 703
1 146
2 601
1 516
1 743
2 678
1 193
1 649
1 795
2 113
1 214
2 763
1 112
1 992
2 811
2 751
1 30
2 212
2 872
2 171
2 525
1 502
2 413
1 970
1 609
1 216
2 356
1 936
2 962
2 860
1 389
1 59
2 681
1 216
2 199
1 733
1 876
1 580
1 470
1 59
1 235
2 432
2 199
2 85
1 14
2 8
2 144
1 422
1 797
2 823
2 681
2 698
1 193
2 823
2 239
1 841
1 329
2 309
1 913
1 470
1 830
1 746
1 629
2 274
2 698
2 840
2 18
1 797
1 936
1 856
1 14
2 273
2 239
2 907
1 235
2 309
2 274
2 682
2 985
2 497
1 507
2 103
2 525
2 525
2 895
1 856
2 555
1 380
1 534
2 994
2 682
2 555
1 650
1 87
1 318
2 103
2 145
1 456
2 821
1 318
2 985
1 702
2 467
1 87
1 746
1 534
2 238
2 821
2 536
2 130
2 154
2 18
1 970
1 159
2 829
2 895
1 702
2 344
2 854
1 845
1 729
2 854
1 913
1 650
2 130
2 829
2 560
2 273
1 229
1 159
2 389
2 64
1 380
2 385
1 729
1 967
1 62
1 983
2 154
1 308
2 524
1 983
2 707
1 967
2 407
1 747
1 64
1 62
2 344
1 545
2 389
1 545
2 407
1 837
1 747
2 238
1 840
1 64
1 996
2 560
2 912
2 144
1 456
2 912
1 241
2 707
1 845
1 840
1 996
2 906
2 523
1 984
2 130
2 587
2 716
1 103
1 128
2 896
1 951
1 754
1 224
1 25
1 336
1 144
2 380
2 540
2 706
1 378
1 332
1 10
2 136
1 901
2 228
2 847
2 774
1 520
1 378
1 502
1 311
1 863
2 267
1 577
1 694
1 553
1 149
2 883
1 887
1 155
1 339
1 803
1 50
2 598
1 400
2 326
1 11
2 184
2 182
2 218
2 130
1 507
2 64
2 883
2 896
1 10
2 994
2 523
1 732
1 311
1 155
1 481
2 706
2 184
2 380
2 587
1 400
2 182
1 916
1 754
2 951
1 50
1 149
1 553
2 524
2 774
2 668
1 128
1 564
2 218
1 308
1 863
1 339
1 916
2 52
2 668
2 906
1 481
1 951
1 837
1 887
1 984
1 901
2 540
1 11
1 196
2 136
2 847
1 241
1 25
2 716
1 944
1 732
1 502
1 336
2 598
1 103
2 759
1 81
1 618
1 694
1 520
1 147
1 704
1 81
1 609
1 144
2 536
2 951
2 326
2 385
2 138
1 823
1 577
1 564
1 781
1 332
1 781
1 823
2 759
2 612
1 618
2 52
2 612
1 196
1 56
1 654
1 128
1 609
1 652
1 296
1 704
1 803
2 506
2 925
1 224
2 802
1 654
1 860
1 929
2 743
1 400
2 267
1 847
1 128
1 847
2 228
1 929
2 802
1 400
2 781
1 147
2 849
2 905
1 860
2 506
2 518
2 138
1 140
1 652
1 469
1 56
2 79
1 534
2 530
1 572
1 102
2 849
2 203
1 773
2 701
2 49
1 772
2 701
2 258
1 914
1 944
2 673
2 518
2 152
2 925
1 102
1 89
1 243
1 572
2 810
2 673
1 317
1 229
1 243
1 534
2 663
2 570
1 336
2 570
1 140
1 89
1 469
1 296
1 773
2 781
1 298
2 972
2 79
2 909
2 847
2 888
2 183
1 83
2 242
2 414
2 82
2 258
2 847
1 349
2 491
2 905
1 603
2 491
2 414
1 83
1 349
2 49
1 223
2 530
1 376
1 376
2 206
2 203
2 972
1 298
2 242
2 675
1 317
1 889
2 2
2 206
2 888
2 810
1 772
2 302
1 588
2 82
1 214
1 832
2 2
2 743
2 410
1 336
1 914
2 675
2 152
2 633
2 410
1 537
2 732
1 537
1 997
1 415
2 235
2 9
1 588
1 243
1 889
2 299
2 352
1 603
1 195
2 302
2 633
1 195
2 299
2 732
2 183
2 235
1 971
2 840
2 136
1 214
1 678
2 396
2 960
1 145
1 949
2 288
2 520
1 823
1 303
2 555
1 283
1 674
2 554
2 44
1 938
1 863
2 698
2 289
2 877
2 207
1 242
1 798
2 841
1 713
1 218
2 18
1 672
2 306
2 812
2 753
1 932
2 989
2 722
1 847
1 753
1 399
2 838
1 19
2 740
2 303
1 613
1 758
2 296
1 93
1 550
1 247
2 816
1 334
2 580
2 918
2 306
1 881
2 941
2 490
2 643
1 361
1 199
1 146
1 271
1 663
2 858
2 543
1 767
1 949
2 164
2 849
2 941
2 457
2 788
1 93
2 289
2 740
2 164
1 242
2 18
1 767
1 823
2 554
1 199
2 909
1 496
1 334
1 672
1 971
2 816
1 19
2 288
1 271
1 550
2 207
2 918
1 613
2 452
1 223
2 788
1 863
1 832
2 722
2 849
1 663
2 841
2 643
2 148
1 881
1 678
2 543
1 496
1 758
1 847
2 180
2 531
2 136
2 580
1 938
1 453
1 674
2 960
2 151
2 490
2 858
1 283
2 64
1 415
1 997
1 932
2 877
2 9
2 994
1 399
2 44
1 453
2 985
1 243
2 151
2 989
2 840
2 396
2 753
1 145
1 146
2 812
2 452
1 218
2 765
2 64
2 838
2 704
1 303
1 247
2 520
1 753
2 195
1 143
1 361
1 693
1 630
2 296
2 555
2 605
2 352
1 268
1 946
2 457
2 704
1 946
1 268
1 630
2 195
1 419
2 765
2 994
2 180
2 663
2 531
1 419
1 582
1 785
2 698
2 148
2 346
2 216
1 785
2 605
1 581
2 985
1 713
2 781
2 753
1 693
1 857
1 992
2 738
1 300
1 300
1 798
2 921
2 397
1 582
1 436
1 143
2 304
1 524
1 436
2 478
2 738
2 921
1 776
1 476
1 524
1 581
1 603
2 795
1 581
1 502
1 206
2 397
1 125
1 603
1 992
2 568
1 156
1 125
1 476
1 947
2 795
1 235
2 391
1 26
2 700
1 593
1 207
2 196
1 348
1 939
2 48
2 684
1 590
1 44
1 689
1 149
1 205
2 175
1 129
1 336
1 380
1 289
1 493
1 981
2 944
2 840
1 450
1 744
1 912
1 85
1 22
1 262
1 615
2 133
2 82
2 234
1 173
1 536
1 167
1 812
2 181
2 803
1 737
2 198
2 682
2 739
2 413
2 282
1 687
1 381
2 643
1 848
1 348
1 367
2 503
2 314
2 808
1 416
1 879
1 161
2 734
1 165
2 559
2 457
1 865
1 750
2 141
2 533
1 535
2 808
2 503
2 478
1 380
1 235
2 82
1 879
2 141
2 346
2 723
1 765
1 178
1 682
2 980
1 970
2 115
2 133
1 535
1 744
1 156
1 129
2 175
2 196
1 776
2 303
2 803
1 165
2 643
2 700
1 336
1 339
1 848
1 178
2 753
1 590
2 198
1 205
1 22
1 167
1 149
1 173
2 682
1 857
2 684
1 687
2 272
2 457
1 750
2 314
1 593
2 115
1 450
1 44
2 781
2 559
1 981
1 85
1 737
2 823
1 912
2 216
2 395
2 185
2 980
2 48
2 185
1 339
2 272
1 221
2 391
2 304
1 185
2 944
1 207
1 865
2 723
2 340
1 185
2 642
1 939
1 490
2 823
1 581
1 615
2 734
2 739
2 413
1 100
1 381
1 367
1 714
1 658
1 497
1 161
2 234
2 565
1 315
2 518
2 537
2 888
1 56
1 999
2 228
1 812
1 658
1 536
1 221
1 733
2 565
1 237
1 999
1 689
1 970
2 816
1 502
1 46
1 947
1 765
1 714
2 340
2 771
1 52
1 989
1 737
2 522
2 748
2 473
1 96
1 343
2 10
1 196
2 27
2 460
2 934
2 911
1 884
2 696
2 306
1 239
1 97
1 425
2 174
2 46
1 606
2 771
2 911
2 181
2 460
2 642
2 748
1 989
2 10
1 237
2 744
2 27
2 818
1 100
2 934
2 888
1 26
1 97
2 174
1 262
1 425
2 568
1 185
2 46
1 416
1 206
1 814
1 315
1 56
1 196
1 493
2 600
1 440
2 228
2 31
1 185
1 474
1 239
1 497
1 732
2 808
2 659
1 732
2 473
2 744
2 818
2 395
2 816
1 682
2 808
2 879
1 52
2 522
2 879
1 440
1 927
2 659
1 695
2 927
1 46
1 171
2 840
1 606
1 289
1 695
2 985
1 737
2 282
2 985
1 681
2 707
2 518
1 694
1 884
1 525
2 537
1 543
2 707
1 171
1 234
2 696
1 525
1 969
1 665
1 694
2 31
2 927
1 877
1 682
2 895
1 969
1 490
1 234
2 533
1 682
1 665
1 471
2 762
1 343
1 877
1 555
1 929
1 471
2 460
2 200
1 771
1 619
1 619
2 431
1 331
1 771
1 733
1 316
2 600
1 96
1 814
1 221
1 681
2 396
1 217
1 424
2 716
1 677
2 219
1 217
1 81
2 670
2 890
1 20
2 856
2 937
2 554
2 624
2 790
2 124
1 51
2 821
2 193
2 369
1 858
2 499
2 460
1 142
2 756
2 125
1 555
2 850
2 468
2 138
1 906
1 259
2 380
1 255
2 974
1 560
2 885
2 659
1 73
2 397
1 745
2 372
1 806
2 472
1 200
1 33
1 226
2 973
2 110
2 912
1 211
1 753
1 506
2 355
1 444
1 852
1 30
2 811
2 70
2 208
1 988
1 179
2 554
1 424
2 200
2 110
2 70
1 161
2 935
2 860
2 583
2 295
2 335
2 396
1 446
2 743
1 38
1 410
2 535
2 355
1 119
2 373
2 696
2 858
1 295
2 438
1 96
2 279
2 960
1 219
2 892
1 489
2 18
2 989
1 180
2 672
2 379
2 620
2 925
1 258
1 38
2 18
2 890
2 696
2 295
2 335
1 221
1 81
2 925
1 179
1 200
2 208
1 410
1 927
2 937
1 20
1 852
2 535
2 499
2 856
1 73
2 743
2 624
1 219
1 806
2 583
2 821
1 929
1 211
1 474
2 372
1 259
1 753
1 560
1 142
2 472
1 446
2 989
2 431
1 258
2 369
2 670
1 96
1 906
1 295
2 762
2 193
2 811
1 213
1 226
2 716
1 677
2 125
2 143
2 138
2 219
1 51
1 722
2 645
2 935
1 33
2 790
1 119
2 973
2 860
2 672
2 841
1 506
1 722
2 892
2 981
2 279
2 124
2 895
2 185
1 331
1 365
2 468
1 988
2 885
1 153
2 756
2 981
2 121
1 316
1 489
2 121
2 380
1 255
2 555
2 974
2 306
2 555
1 30
2 438
2 645
1 777
2 374
2 82
1 858
2 912
1 365
1 444
2 374
2 346
2 858
2 659
1 977
2 620
2 379
2 82
2 960
1 822
2 548
1 344
1 543
2 130
1 161
1 180
2 815
2 346
2 813
2 815
1 292
1 715
1 715
2 185
1 486
2 44
2 373
1 370
1 977
1 292
2 841
2 397
2 608
1 822
1 677
1 396
1 777
2 498
2 498
1 396
2 712
1 708
2 499
2 987
1 563
1 213
2 857
2 130
2 499
2 520
2 51
2 520
1 344
2 99
2 548
1 953
2 44
1 223
1 370
2 813
1 709
1 223
2 780
1 636
2 712
2 868
1 486
1 677
2 850
2 422
2 579
1 745
1 499
2 857
2 366
2 579
1 389
2 366
1 708
1 773
1 563
1 305
2 422
1 499
1 773
1 904
2 987
1 153
1 709
1 768
2 969
1 584
1 790
1 904
1 305
2 780
1 266
2 784
2 323
2 612
1 461
1 748
2 960
2 859
1 193
1 423
2 87
2 104
2 738
2 596
2 501
1 102
2 240
2 271
1 888
2 437
2 593
1 866
2 556
1 835
1 53
2 599
2 705
2 231
1 683
2 137
1 743
2 631
1 269
2 513
1 338
2 723
1 575
1 510
1 426
2 700
2 753
2 490
2 735
1 808
1 578
2 639
1 485
1 547
2 147
2 60
2 257
2 721
2 220
1 731
1 610
1 933
1 333
1 646
2 997
1 886
2 773
2 641
1 605
2 32
1 672
1 74
1 671
1 809
1 112
1 424
2 758
2 39
1 564
2 628
1 361
2 80
2 811
2 605
1 883
2 373
1 399
1 770
1 847
2 448
2 767
1 814
2 535
1 57
1 273
2 493
2 588
2 488
2 330
1 457
1 541
2 460
1 84
1 453
1 968
1 59
2 312
2 865
2 539
2 840
1 853
2 691
1 154
2 587
1 965
2 385
1 664
1 58
1 985
2 397
2 407
2 110
1 430
2 848
1 591
2 303
1 16
1 209
2 356
1 781
2 524
1 321
1 219
1 143
1 904
1 824
2 179
1 949
1 296
1 232
2 823
1 615
2 169
1 445
2 608
2 398
2 77
2 822
1 956
2 139
2 167
2 72
2 499
2 641
1 893
1 963
1 157
2 663
2 582
2 594
1 95
2 848
1 888
2 865
1 547
1 564
1 770
2 448
1 768
1 333
1 731
2 721
1 672
2 398
2 612
2 169
1 84
1 933
1 485
1 671
2 407
1 578
1 232
2 460
1 154
1 814
2 397
2 330
2 593
1 453
2 139
1 835
2 147
1 541
2 700
2 588
2 77
2 960
2 596
2 840
1 59
2 513
2 87
2 784
1 53
2 524
2 110
2 488
2 231
2 356
1 448
1 985
1 809
2 373
2 60
2 385
2 490
1 426
2 587
2 535
1 575
2 93
2 80
2 499
2 220
1 389
1 605
1 157
1 112
1 273
1 646
2 51
2 104
1 636
1 361
2 822
2 143
1 423
1 683
1 853
1 893
2 773
2 868
1 883
2 437
1 448
1 886
2 72
1 949
1 847
1 584
2 753
1 743
2 886
1 74
2 735
2 539
1 824
1 953
2 628
1 904
1 808
2 312
2 39
2 859
1 591
1 143
2 99
2 811
1 615
2 240
2 303
2 605
2 501
1 296
2 969
2 137
1 510
2 823
2 758
1 57
2 631
2 323
1 16
1 963
2 582
2 32
2 767
1 790
2 723
2 938
1 866
1 269
2 594
1 338
1 968
2 599
1 956
2 556
2 691
1 781
2 257
1 219
1 266
2 738
1 95
1 321
2 85
2 964
1 664
1 58
2 639
2 895
2 792
1 834
1 424
1 265
1 461
2 93
2 188
1 722
2 167
2 195
2 85
1 193
2 792
2 749
1 102
1 74
1 414
2 271
2 895
1 748
1 268
1 445
2 741
1 268
1 265
2 195
1 483
2 741
2 709
1 298
1 209
1 414
2 229
1 74
1 965
1 722
1 430
2 179
2 886
2 229
1 834
1 610
2 480
1 969
2 316
2 705
1 96
2 938
1 483
2 663
2 501
2 316
2 255
2 651
1 96
1 754
1 337
2 964
2 749
2 997
1 399
2 672
2 501
2 737
1 596
2 188
2 255
2 709
1 754
2 493
2 651
1 298
2 424
1 457
1 657
1 793
2 267
1 166
1 337
1 87
1 222
2 69
1 344
1 87
2 672
2 737
1 326
1 326
1 950
2 25
2 811
1 166
1 222
2 811
2 25
2 265
2 424
1 969
2 480
1 657
1 594
1 23
1 710
2 214
1 814
2 69
1 562
1 479
1 793
1 6
1 662
2 78
1 562
2 730
1 662
2 449
1 710
1 344
2 267
1 596
2 214
2 853
1 753
2 449
2 74
2 265
1 154
1 814
2 715
2 730
1 154
1 594
2 78
2 74
2 715
1 753
1 261
1 950
1 148
1 226
1 181
1 479
2 575
1 465
1 23
2 853
2 391
2 391
1 6
1 181
1 148
2 195
1 522
2 740
2 989
1 380
1 26
2 740
2 912
1 897
2 591
1 652
2 26
2 450
1 230
1 892
1 892
1 465
1 897
1 652
2 575
2 456
1 761
2 195
1 857
1 824
2 75
1 380
2 591
2 821
1 230
2 75
1 26
2 26
1 522
1 598
2 166
2 856
1 187
2 587
2 166
2 128
2 224
2 821
2 31
1 113
2 31
2 799
2 989
1 761
1 208
1 525
1 261
1 525
1 824
1 226
1 113
2 68
2 856
2 312
2 312
1 662
2 799
2 456
1 379
2 1000
1 857
2 73
1 187
2 128
2 450
2 797
2 921
1 4
2 515
2 73
1 317
2 865
2 292
1 208
2 865
2 68
2 587
1 684
2 292
2 651
1 598
2 516
2 515
2 279
2 516
2 177
2 801
1 317
2 279
2 651
2 177
2 797
1 889
2 537
1 803
1 612
1 656
1 309
1 656
1 898
1 309
1 898
1 420
1 522
1 803
2 75
2 128
2 199
1 379
1 522
1 684
1 745
2 224
2 75
1 182
2 244
2 199
1 159
1 662
1 926
1 159
1 898
1 420
2 697
2 536
2 697
1 108
2 128
2 921
1 4
2 536
1 975
2 907
2 838
2 838
2 537
2 463
1 361
1 635
1 612
2 244
1 156
2 907
1 898
1 156
1 671
1 889
2 742
2 22
2 583
2 269
2 392
2 218
2 662
1 951
2 572
2 101
1 162
1 764
1 603
1 470
2 602
1 322
1 133
2 517
1 572
1 45
1 668
1 602
2 395
2 559
2 742
2 706
2 465
2 987
2 317
1 671
1 635
2 602
1 182
2 101
2 987
1 745
1 602
1 322
1 951
2 465
1 868
1 603
1 45
2 517
1 868
1 435
2 22
1 43
2 97
2 572
2 317
1 764
1 668
1 533
1 695
2 103
1 43
2 486
2 662
1 242
2 583
2 269
1 695
2 801
2 463
1 926
2 559
2 619
2 392
1 533
1 481
2 554
2 473
1 637
1 957
2 771
2 214
2 320
2 896
2 608
2 586
2 345
2 113
1 380
1 193
1 877
1 77
1 590
2 181
1 647
2 575
2 301
2 25
1 277
1 420
1 554
2 510
1 681
2 174
1 403
2 687
2 663
1 446
1 960
1 48
1 94
2 962
2 440
1 139
2 60
2 221
2 777
2 946
1 919
1 524
2 734
1 756
1 697
1 397
1 52
1 704
1 470
2 619
1 590
2 174
2 663
1 435
1 133
2 486
1 919
1 957
1 704
2 218
2 586
1 139
2 103
2 440
1 403
1 193
1 554
1 52
1 108
2 345
2 473
1 697
2 97
2 687
2 395
2 912
1 78
1 637
1 77
2 221
1 361
2 60
1 277
2 214
2 320
2 565
2 283
2 781
2 514
2 461
2 955
1 698
2 765
1 782
1 131
2 806
2 597
2 738
2 432
1 657
2 657
2 625
2 625
2 514
1 418
2 575
1 681
2 777
1 78
2 554
1 481
2 738
1 446
2 309
1 647
2 706
2 781
1 572
2 765
2 806
1 141
1 397
2 301
1 698
2 113
2 946
2 771
2 988
2 977
2 807
1 877
2 975
1 524
1 418
1 141
2 962
2 977
2 689
1 242
1 756
2 181
2 975
2 657
1 471
2 955
1 975
1 131
2 689
2 819
2 896
1 48
2 409
2 309
1 756
2 808
2 409
2 808
2 707
1 657
2 25
2 206
1 782
2 565
2 461
2 510
2 283
1 94
1 380
2 805
1 149
1 964
2 988
2 206
2 30
1 960
2 608
1 420
1 471
2 807
1 450
2 819
1 450
2 43
1 859
1 703
2 252
1 899
2 480
2 35
1 564
1 963
2 376
1 494
1 971
1 891
2 829
1 549
2 352
1 97
2 5
2 911
2 699
1 775
1 935
2 981
2 65
2 185
1 561
2 277
1 828
2 776
1 350
1 255
2 291
1 175
2 25
2 508
2 982
1 244
2 619
2 145
1 936
2 277
1 850
1 183
2 643
2 45
2 270
2 604
2 726
2 103
2 900
2 548
1 707
2 43
2 765
2 604
2 982
1 899
2 65
2 643
1 564
2 5
2 480
2 726
1 183
2 900
2 45
1 963
1 936
1 147
2 313
2 707
1 935
2 597
1 858
1 97
1 255
2 734
2 776
2 313
1 561
1 964
2 35
1 707
1 756
2 25
1 175
2 291
1 722
1 149
2 103
2 805
1 898
2 252
1 893
1 971
1 147
2 270
2 520
2 829
2 145
1 858
2 504
1 828
2 981
1 350
2 939
2 255
2 508
2 520
2 432
1 162
1 891
2 352
2 546
1 850
1 898
1 244
1 775
2 508
2 663
2 508
2 699
2 899
2 548
1 893
2 354
1 512
1 255
2 354
1 30
1 164
2 546
2 619
1 549
1 230
1 325
1 703
2 624
1 510
2 624
1 908
2 185
1 560
2 504
1 164
2 765
1 104
1 560
1 908
1 348
2 376
2 308
2 911
1 854
2 615
2 88
1 510
1 854
1 458
2 949
2 308
1 512
2 949
2 939
1 722
1 303
2 784
1 494
2 671
1 104
2 498
1 812
2 671
1 255
2 663
2 255
2 498
2 316
2 595
1 608
2 615
2 321
1 230
1 325
2 541
2 321
2 727
1 809
1 823
1 1
2 899
2 727
1 521
1 355
2 792
2 541
2 792
1 883
1 976
1 30
2 220
1 608
1 812
1 151
2 595
1 521
1 926
1 355
1 823
1 303
1 927
1 151
1 946
2 88
1 927
2 104
1 633
2 820
2 784
2 833
2 30
2 820
2 942
2 203
2 145
1 809
2 427
1 665
2 220
2 145
1 51
1 926
1 204
2 179
2 179
1 883
2 203
2 180
2 942
2 872
2 833
1 457
1 348
2 892
2 144
1 976
2 180
1 970
1 51
1 225
1 458
1 350
2 766
1 350
1 991
2 54
1 991
1 852
2 104
1 319
1 204
1 386
1 386
1 210
1 633
1 319
1 225
1 970
1 640
2 144
2 766
1 946
1 863
2 984
1 863
2 147
2 147
2 427
2 199
1 852
1 577
1 900
1 640
2 872
1 859
1 900
2 821
2 984
2 61
2 316
2 7
2 199
1 665
1 457
2 909
2 821
2 61
1 645
1 996
1 289
1 718
2 752
1 210
2 407
1 878
1 996
1 255
2 54
2 962
2 407
2 7
2 927
2 671
1 733
2 174
2 816
1 733
2 292
2 892
1 868
2 336
1 868
1 645
2 229
2 710
2 292
2 242
1 577
2 229
1 394
2 962
2 909
1 178
2 584
2 692
2 710
2 242
2 692
2 816
1 255
1 208
1 47
1 86
2 958
1 755
1 43
1 304
1 182
2 507
1 8
1 864
2 718
2 467
2 917
2 357
1 566
2 695
2 219
2 24
1 864
2 584
1 208
1 276
1 718
2 695
1 142
2 174
1 601
1 394
2 797
1 526
1 699
1 578
2 372
2 50
1 221
1 198
1 712
2 803
2 340
2 235
1 254
1 129
2 541
1 266
1 719
2 124
2 996
2 667
2 642
2 730
1 199
2 638
2 432
2 556
1 752
1 373
2 98
2 943
2 285
2 436
2 799
1 43
1 752
2 927
2 124
1 878
2 507
1 526
1 699
1 373
1 755
2 996
1 566
2 958
1 719
2 285
1 578
1 760
2 642
1 198
2 241
2 556
2 803
1 760
2 336
2 366
1 178
1 632
2 353
2 731
2 368
2 794
2 504
1 976
1 587
1 84
2 475
1 673
1 229
2 864
2 689
1 753
1 472
2 63
1 250
1 598
2 690
2 523
1 208
1 237
1 5
1 881
2 504
2 317
2 459
2 24
2 98
2 943
2 63
1 472
2 459
1 881
1 86
2 241
2 235
2 541
1 976
2 917
2 317
1 598
2 219
1 601
2 718
2 340
1 289
1 237
2 372
1 208
2 864
2 646
2 797
2 238
2 689
1 8
2 646
2 353
2 467
2 50
1 753
1 254
1 377
1 304
2 368
1 632
1 5
1 276
1 84
1 199
1 221
1 469
1 129
2 523
2 671
1 142
2 475
1 266
2 432
2 238
1 458
1 458
1 105
2 357
2 731
1 105
2 808
2 436
1 312
1 529
2 378
2 376
2 848
2 848
1 229
1 312
2 578
2 690
1 489
2 752
2 184
1 250
2 752
1 936
2 296
2 384
1 469
2 638
2 226
2 378
1 3
1 310
2 384
2 762
2 366
2 799
2 752
2 524
1 47
2 730
2 866
1 377
2 578
2 667
2 866
1 840
2 415
2 184
1 489
2 762
2 168
1 673
2 415
2 821
2 376
1 840
1 182
2 808
1 936
2 168
2 820
2 794
2 250
1 3
1 587
1 208
2 416
1 316
2 821
1 316
2 337
1 572
1 891
2 713
2 416
1 529
1 208
1 646
2 121
2 296
1 770
1 646
1 702
1 677
1 730
2 250
1 712
1 702
2 160
1 891
1 310
2 337
2 25
1 730
2 382
2 820
2 988
2 587
1 832
1 660
1 212
2 587
1 103
2 994
1 443
1 165
1 764
2 714
1 508
2 956
2 908
1 314
2 191
1 760
2 436
2 228
2 664
1 445
1 828
2 455
1 584
1 521
2 402
2 113
2 197
1 986
2 398
1 119
2 863
1 603
2 729
2 583
1 968
1 341
1 73
1 673
1 526
2 320
2 214
2 162
1 539
1 250
1 76
1 731
1 491
2 534
1 935
1 789
1 75
2 170
1 33
1 221
2 143
1 732
2 834
1 340
2 409
2 876
1 447
2 543
1 405
2 714
1 405
2 113
2 863
1 508
1 447
1 491
2 876
1 221
2 382
1 521
1 584
2 908
2 226
2 543
1 73
1 789
1 935
2 170
2 664
2 994
1 539
2 191
2 132
2 178
1 854
1 712
1 408
2 259
2 126
1 341
2 834
2 178
2 956
1 212
2 259
1 968
1 33
2 409
1 731
2 214
1 75
2 143
1 712
2 729
2 121
1 770
2 132
1 764
2 398
1 452
1 314
1 572
2 154
2 436
1 180
2 713
2 693
2 934
